#  Density    Distension  Spec. Vol.   Pressure  Temperature  S.I.Energy Sound Spd.  Part. Vel.  Shock Vel.  Sp. Entropy
  2.7700E+03  1.0000E+00  3.6101E-04  0.0000E+00  2.9300E+02  0.0000E+00  1.9000E+03  0.0000E+00  1.9000E+03  0.0000E+00
  2.8307E+03  1.0000E+00  3.5327E-04  2.5812E+08  2.9321E+02  1.0000E+03  2.2112E+03  4.4712E+01  2.0841E+03  0.0000E+00
  2.8379E+03  1.0000E+00  3.5237E-04  2.9375E+08  2.9321E+02  1.2682E+03  2.2455E+03  5.0369E+01  2.1054E+03  0.0000E+00
  2.8385E+03  1.0000E+00  3.5230E-04  2.9691E+08  2.9322E+02  1.2936E+03  2.2484E+03  5.0866E+01  2.1073E+03  0.0000E+00
  2.8391E+03  1.0000E+00  3.5222E-04  3.0008E+08  2.9322E+02  1.3195E+03  2.2514E+03  5.1363E+01  2.1091E+03  0.0000E+00
  2.8398E+03  1.0000E+00  3.5214E-04  3.0325E+08  2.9322E+02  1.3459E+03  2.2543E+03  5.1861E+01  2.1110E+03  0.0000E+00
  2.8405E+03  1.0000E+00  3.5206E-04  3.0678E+08  2.9322E+02  1.3728E+03  2.2576E+03  5.2414E+01  2.1130E+03  0.0000E+00
  2.8411E+03  1.0000E+00  3.5198E-04  3.0998E+08  2.9323E+02  1.4002E+03  2.2606E+03  5.2913E+01  2.1149E+03  0.0000E+00
  2.8418E+03  1.0000E+00  3.5189E-04  3.1353E+08  2.9323E+02  1.4282E+03  2.2639E+03  5.3468E+01  2.1169E+03  0.0000E+00
  2.8424E+03  1.0000E+00  3.5182E-04  3.1675E+08  2.9323E+02  1.4568E+03  2.2668E+03  5.3969E+01  2.1188E+03  0.0000E+00
  2.8431E+03  1.0000E+00  3.5173E-04  3.2033E+08  2.9324E+02  1.4859E+03  2.2701E+03  5.4526E+01  2.1209E+03  0.0000E+00
  2.8438E+03  1.0000E+00  3.5164E-04  3.2392E+08  2.9324E+02  1.5157E+03  2.2733E+03  5.5084E+01  2.1229E+03  0.0000E+00
  2.8444E+03  1.0000E+00  3.5157E-04  3.2717E+08  2.9325E+02  1.5460E+03  2.2763E+03  5.5587E+01  2.1248E+03  0.0000E+00
  2.8451E+03  1.0000E+00  3.5148E-04  3.3078E+08  2.9325E+02  1.5769E+03  2.2795E+03  5.6146E+01  2.1268E+03  0.0000E+00
  2.8458E+03  1.0000E+00  3.5139E-04  3.3440E+08  2.9326E+02  1.6084E+03  2.2828E+03  5.6707E+01  2.1289E+03  0.0000E+00
  2.8465E+03  1.0000E+00  3.5131E-04  3.3804E+08  2.9327E+02  1.6406E+03  2.2860E+03  5.7268E+01  2.1309E+03  0.0000E+00
  2.8472E+03  1.0000E+00  3.5122E-04  3.4169E+08  2.9327E+02  1.6734E+03  2.2893E+03  5.7830E+01  2.1330E+03  0.0000E+00
  2.8480E+03  1.0000E+00  3.5113E-04  3.4570E+08  2.9328E+02  1.7069E+03  2.2929E+03  5.8449E+01  2.1352E+03  0.0000E+00
  2.8487E+03  1.0000E+00  3.5104E-04  3.4938E+08  2.9329E+02  1.7410E+03  2.2961E+03  5.9013E+01  2.1373E+03  0.0000E+00
  2.8493E+03  1.0000E+00  3.5096E-04  3.5306E+08  2.9329E+02  1.7758E+03  2.2994E+03  5.9578E+01  2.1394E+03  0.0000E+00
  2.8501E+03  1.0000E+00  3.5086E-04  3.5712E+08  2.9330E+02  1.8114E+03  2.3029E+03  6.0199E+01  2.1416E+03  0.0000E+00
  2.8508E+03  1.0000E+00  3.5078E-04  3.6083E+08  2.9331E+02  1.8476E+03  2.3061E+03  6.0766E+01  2.1437E+03  0.0000E+00
  2.8516E+03  1.0000E+00  3.5068E-04  3.6492E+08  2.9332E+02  1.8845E+03  2.3097E+03  6.1390E+01  2.1460E+03  0.0000E+00
  2.8523E+03  1.0000E+00  3.5059E-04  3.6902E+08  2.9333E+02  1.9222E+03  2.3133E+03  6.2015E+01  2.1482E+03  0.0000E+00
  2.8531E+03  1.0000E+00  3.5049E-04  3.7314E+08  2.9334E+02  1.9607E+03  2.3168E+03  6.2641E+01  2.1505E+03  0.0000E+00
  2.8618E+03  1.0000E+00  3.4943E-04  4.2092E+08  2.9334E+02  2.4379E+03  2.3569E+03  6.9828E+01  2.1762E+03  0.0000E+00
  2.8627E+03  1.0000E+00  3.4932E-04  4.2560E+08  2.9334E+02  2.4866E+03  2.3607E+03  7.0525E+01  2.1786E+03  0.0000E+00
  2.8635E+03  1.0000E+00  3.4922E-04  4.3030E+08  2.9335E+02  2.5363E+03  2.3645E+03  7.1223E+01  2.1811E+03  0.0000E+00
  2.8643E+03  1.0000E+00  3.4912E-04  4.3502E+08  2.9335E+02  2.5871E+03  2.3683E+03  7.1923E+01  2.1836E+03  0.0000E+00
  2.8652E+03  1.0000E+00  3.4902E-04  4.3976E+08  2.9336E+02  2.6388E+03  2.3721E+03  7.2623E+01  2.1860E+03  0.0000E+00
  2.8661E+03  1.0000E+00  3.4891E-04  4.4489E+08  2.9336E+02  2.6916E+03  2.3763E+03  7.3383E+01  2.1887E+03  0.0000E+00
  2.8669E+03  1.0000E+00  3.4880E-04  4.4967E+08  2.9337E+02  2.7454E+03  2.3801E+03  7.4086E+01  2.1912E+03  0.0000E+00
  2.8678E+03  1.0000E+00  3.4869E-04  4.5485E+08  2.9337E+02  2.8003E+03  2.3842E+03  7.4849E+01  2.1938E+03  0.0000E+00
  2.8687E+03  1.0000E+00  3.4859E-04  4.5966E+08  2.9338E+02  2.8563E+03  2.3880E+03  7.5555E+01  2.1963E+03  0.0000E+00
  2.8696E+03  1.0000E+00  3.4848E-04  4.6488E+08  2.9339E+02  2.9135E+03  2.3921E+03  7.6321E+01  2.1990E+03  0.0000E+00
  2.8705E+03  1.0000E+00  3.4837E-04  4.7012E+08  2.9340E+02  2.9717E+03  2.3962E+03  7.7088E+01  2.2016E+03  0.0000E+00
  2.8714E+03  1.0000E+00  3.4826E-04  4.7538E+08  2.9341E+02  3.0312E+03  2.4003E+03  7.7856E+01  2.2043E+03  0.0000E+00
  2.8723E+03  1.0000E+00  3.4815E-04  4.8066E+08  2.9342E+02  3.0918E+03  2.4044E+03  7.8626E+01  2.2070E+03  0.0000E+00
  2.8733E+03  1.0000E+00  3.4803E-04  4.8636E+08  2.9343E+02  3.1536E+03  2.4088E+03  7.9456E+01  2.2098E+03  0.0000E+00
  2.8742E+03  1.0000E+00  3.4793E-04  4.9130E+08  2.9345E+02  3.2167E+03  2.4126E+03  8.0171E+01  2.2123E+03  0.0000E+00
  2.8751E+03  1.0000E+00  3.4781E-04  4.9704E+08  2.9346E+02  3.2810E+03  2.4169E+03  8.1004E+01  2.2152E+03  0.0000E+00
  2.8761E+03  1.0000E+00  3.4769E-04  5.0281E+08  2.9347E+02  3.3466E+03  2.4213E+03  8.1839E+01  2.2180E+03  0.0000E+00
  2.8770E+03  1.0000E+00  3.4758E-04  5.0821E+08  2.9349E+02  3.4136E+03  2.4254E+03  8.2617E+01  2.2207E+03  0.0000E+00
  2.8780E+03  1.0000E+00  3.4746E-04  5.1403E+08  2.9350E+02  3.4819E+03  2.4298E+03  8.3455E+01  2.2236E+03  0.0000E+00
  2.8790E+03  1.0000E+00  3.4734E-04  5.1987E+08  2.9352E+02  3.5515E+03  2.4342E+03  8.4295E+01  2.2264E+03  0.0000E+00
  2.8800E+03  1.0000E+00  3.4722E-04  5.2574E+08  2.9353E+02  3.6225E+03  2.4385E+03  8.5137E+01  2.2293E+03  0.0000E+00
  2.8810E+03  1.0000E+00  3.4711E-04  5.3163E+08  2.9355E+02  3.6950E+03  2.4429E+03  8.5981E+01  2.2322E+03  0.0000E+00
  2.8820E+03  1.0000E+00  3.4699E-04  5.3755E+08  2.9355E+02  3.7689E+03  2.4473E+03  8.6826E+01  2.2351E+03  0.0000E+00
  2.8829E+03  1.0000E+00  3.4687E-04  5.4350E+08  2.9355E+02  3.8442E+03  2.4516E+03  8.7673E+01  2.2379E+03  0.0000E+00
  2.8839E+03  1.0000E+00  3.4675E-04  5.4947E+08  2.9356E+02  3.9211E+03  2.4560E+03  8.8522E+01  2.2408E+03  0.0000E+00
  2.8850E+03  1.0000E+00  3.4662E-04  5.5588E+08  2.9356E+02  3.9996E+03  2.4606E+03  8.9432E+01  2.2439E+03  0.0000E+00
  2.8860E+03  1.0000E+00  3.4650E-04  5.6190E+08  2.9357E+02  4.0795E+03  2.4650E+03  9.0285E+01  2.2468E+03  0.0000E+00
  2.8881E+03  1.0000E+00  3.4625E-04  5.7486E+08  2.9358E+02  4.2444E+03  2.4742E+03  9.2115E+01  2.2529E+03  0.0000E+00
  2.8892E+03  1.0000E+00  3.4611E-04  5.8180E+08  2.9358E+02  4.3292E+03  2.4792E+03  9.3094E+01  2.2562E+03  0.0000E+00
  2.8902E+03  1.0000E+00  3.4600E-04  5.8793E+08  2.9359E+02  4.4158E+03  2.4835E+03  9.3954E+01  2.2591E+03  0.0000E+00
  2.8913E+03  1.0000E+00  3.4586E-04  5.9494E+08  2.9360E+02  4.5041E+03  2.4884E+03  9.4936E+01  2.2623E+03  0.0000E+00
  2.8924E+03  1.0000E+00  3.4573E-04  6.0155E+08  2.9361E+02  4.5942E+03  2.4931E+03  9.5861E+01  2.2654E+03  0.0000E+00
  2.8935E+03  1.0000E+00  3.4560E-04  6.0862E+08  2.9362E+02  4.6861E+03  2.4980E+03  9.6847E+01  2.2687E+03  0.0000E+00
  2.8946E+03  1.0000E+00  3.4547E-04  6.1529E+08  2.9364E+02  4.7798E+03  2.5026E+03  9.7776E+01  2.2718E+03  0.0000E+00
  2.8957E+03  1.0000E+00  3.4534E-04  6.2242E+08  2.9365E+02  4.8754E+03  2.5075E+03  9.8767E+01  2.2751E+03  0.0000E+00
  2.8968E+03  1.0000E+00  3.4520E-04  6.2959E+08  2.9366E+02  4.9729E+03  2.5124E+03  9.9761E+01  2.2783E+03  0.0000E+00
  2.8980E+03  1.0000E+00  3.4507E-04  6.3679E+08  2.9368E+02  5.0724E+03  2.5173E+03  1.0076E+02  2.2816E+03  0.0000E+00
  2.8991E+03  1.0000E+00  3.4493E-04  6.4402E+08  2.9370E+02  5.1738E+03  2.5222E+03  1.0175E+02  2.2849E+03  0.0000E+00
  2.9002E+03  1.0000E+00  3.4480E-04  6.5129E+08  2.9372E+02  5.2773E+03  2.5271E+03  1.0276E+02  2.2882E+03  0.0000E+00
  2.9014E+03  1.0000E+00  3.4466E-04  6.5859E+08  2.9374E+02  5.3829E+03  2.5319E+03  1.0376E+02  2.2915E+03  0.0000E+00
  2.9025E+03  1.0000E+00  3.4453E-04  6.6593E+08  2.9377E+02  5.4905E+03  2.5368E+03  1.0476E+02  2.2948E+03  0.0000E+00
  2.9037E+03  1.0000E+00  3.4439E-04  6.7374E+08  2.9379E+02  5.6003E+03  2.5420E+03  1.0583E+02  2.2982E+03  0.0000E+00
  2.9048E+03  1.0000E+00  3.4425E-04  6.8115E+08  2.9382E+02  5.7123E+03  2.5469E+03  1.0684E+02  2.3016E+03  0.0000E+00
  2.9061E+03  1.0000E+00  3.4410E-04  6.8948E+08  2.9384E+02  5.8266E+03  2.5523E+03  1.0798E+02  2.3052E+03  0.0000E+00
  2.9073E+03  1.0000E+00  3.4397E-04  6.9696E+08  2.9387E+02  5.9431E+03  2.5572E+03  1.0899E+02  2.3085E+03  0.0000E+00
  2.9085E+03  1.0000E+00  3.4382E-04  7.0537E+08  2.9389E+02  6.0620E+03  2.5626E+03  1.1013E+02  2.3122E+03  0.0000E+00
  2.9097E+03  1.0000E+00  3.4368E-04  7.1293E+08  2.9391E+02  6.1832E+03  2.5675E+03  1.1115E+02  2.3155E+03  0.0000E+00
  2.9110E+03  1.0000E+00  3.4353E-04  7.2142E+08  2.9391E+02  6.3069E+03  2.5729E+03  1.1230E+02  2.3192E+03  0.0000E+00
  2.9122E+03  1.0000E+00  3.4338E-04  7.2996E+08  2.9392E+02  6.4330E+03  2.5783E+03  1.1345E+02  2.3229E+03  0.0000E+00
  2.9135E+03  1.0000E+00  3.4323E-04  7.3854E+08  2.9393E+02  6.5617E+03  2.5837E+03  1.1460E+02  2.3265E+03  0.0000E+00
  2.9147E+03  1.0000E+00  3.4309E-04  7.4671E+08  2.9395E+02  6.6929E+03  2.5889E+03  1.1569E+02  2.3300E+03  0.0000E+00
  2.9160E+03  1.0000E+00  3.4293E-04  7.5538E+08  2.9396E+02  6.8268E+03  2.5943E+03  1.1685E+02  2.3337E+03  0.0000E+00
  2.9173E+03  1.0000E+00  3.4278E-04  7.6409E+08  2.9398E+02  6.9633E+03  2.5997E+03  1.1801E+02  2.3374E+03  0.0000E+00
  2.9186E+03  1.0000E+00  3.4263E-04  7.7284E+08  2.9400E+02  7.1026E+03  2.6051E+03  1.1918E+02  2.3411E+03  0.0000E+00
  2.9199E+03  1.0000E+00  3.4248E-04  7.8164E+08  2.9402E+02  7.2446E+03  2.6105E+03  1.2034E+02  2.3448E+03  0.0000E+00
  2.9211E+03  1.0000E+00  3.4233E-04  7.9048E+08  2.9405E+02  7.3895E+03  2.6159E+03  1.2151E+02  2.3485E+03  0.0000E+00
  2.9226E+03  1.0000E+00  3.4217E-04  8.0031E+08  2.9406E+02  7.5373E+03  2.6218E+03  1.2281E+02  2.3526E+03  0.0000E+00
  2.9238E+03  1.0000E+00  3.4201E-04  8.0925E+08  2.9409E+02  7.6881E+03  2.6272E+03  1.2399E+02  2.3563E+03  0.0000E+00
  2.9253E+03  1.0000E+00  3.4185E-04  8.1918E+08  2.9411E+02  7.8418E+03  2.6332E+03  1.2529E+02  2.3604E+03  0.0000E+00
  2.9266E+03  1.0000E+00  3.4170E-04  8.2822E+08  2.9415E+02  7.9987E+03  2.6385E+03  1.2647E+02  2.3641E+03  0.0000E+00
  2.9280E+03  1.0000E+00  3.4153E-04  8.3825E+08  2.9418E+02  8.1586E+03  2.6445E+03  1.2779E+02  2.3682E+03  0.0000E+00
  2.9293E+03  1.0000E+00  3.4138E-04  8.4738E+08  2.9422E+02  8.3218E+03  2.6498E+03  1.2897E+02  2.3719E+03  0.0000E+00
  2.9307E+03  1.0000E+00  3.4121E-04  8.5752E+08  2.9425E+02  8.4882E+03  2.6557E+03  1.3029E+02  2.3760E+03  0.0000E+00
  2.9321E+03  1.0000E+00  3.4105E-04  8.6772E+08  2.9429E+02  8.6580E+03  2.6617E+03  1.3162E+02  2.3801E+03  0.0000E+00
  2.9336E+03  1.0000E+00  3.4088E-04  8.7797E+08  2.9433E+02  8.8312E+03  2.6676E+03  1.3294E+02  2.3842E+03  0.0000E+00
  2.9350E+03  1.0000E+00  3.4071E-04  8.8828E+08  2.9437E+02  9.0078E+03  2.6735E+03  1.3427E+02  2.3883E+03  0.0000E+00
  2.9364E+03  1.0000E+00  3.4055E-04  8.9864E+08  2.9441E+02  9.1879E+03  2.6794E+03  1.3560E+02  2.3924E+03  0.0000E+00
  2.9379E+03  1.0000E+00  3.4038E-04  9.0906E+08  2.9443E+02  9.3717E+03  2.6853E+03  1.3694E+02  2.3965E+03  0.0000E+00
  2.9393E+03  1.0000E+00  3.4022E-04  9.1954E+08  2.9446E+02  9.5591E+03  2.6912E+03  1.3828E+02  2.4006E+03  0.0000E+00
  2.9407E+03  1.0000E+00  3.4005E-04  9.3007E+08  2.9448E+02  9.7503E+03  2.6971E+03  1.3963E+02  2.4047E+03  0.0000E+00
  2.9422E+03  1.0000E+00  3.3988E-04  9.4066E+08  2.9452E+02  9.9453E+03  2.7029E+03  1.4097E+02  2.4089E+03  0.0000E+00
  2.9438E+03  1.0000E+00  3.3970E-04  9.5232E+08  2.9453E+02  1.0144E+04  2.7094E+03  1.4246E+02  2.4133E+03  0.0000E+00
  2.9452E+03  1.0000E+00  3.3954E-04  9.6303E+08  2.9457E+02  1.0347E+04  2.7152E+03  1.4381E+02  2.4175E+03  0.0000E+00
  2.9468E+03  1.0000E+00  3.3935E-04  9.7481E+08  2.9460E+02  1.0554E+04  2.7217E+03  1.4530E+02  2.4220E+03  0.0000E+00
  2.9482E+03  1.0000E+00  3.3919E-04  9.8564E+08  2.9465E+02  1.0765E+04  2.7275E+03  1.4666E+02  2.4261E+03  0.0000E+00
  2.9498E+03  1.0000E+00  3.3900E-04  9.9756E+08  2.9468E+02  1.0980E+04  2.7339E+03  1.4816E+02  2.4306E+03  0.0000E+00
  2.9514E+03  1.0000E+00  3.3882E-04  1.0095E+09  2.9472E+02  1.1200E+04  2.7403E+03  1.4967E+02  2.4351E+03  0.0000E+00
  2.9530E+03  1.0000E+00  3.3864E-04  1.0216E+09  2.9476E+02  1.1424E+04  2.7468E+03  1.5117E+02  2.4396E+03  0.0000E+00
  2.9546E+03  1.0000E+00  3.3846E-04  1.0337E+09  2.9481E+02  1.1653E+04  2.7531E+03  1.5268E+02  2.4442E+03  0.0000E+00
  2.9562E+03  1.0000E+00  3.3828E-04  1.0459E+09  2.9486E+02  1.1886E+04  2.7595E+03  1.5420E+02  2.4487E+03  0.0000E+00
  2.9577E+03  1.0000E+00  3.3810E-04  1.0582E+09  2.9492E+02  1.2123E+04  2.7659E+03  1.5572E+02  2.4532E+03  0.0000E+00
  2.9593E+03  1.0000E+00  3.3791E-04  1.0705E+09  2.9498E+02  1.2366E+04  2.7723E+03  1.5724E+02  2.4577E+03  0.0000E+00
  2.9611E+03  1.0000E+00  3.3772E-04  1.0840E+09  2.9503E+02  1.2613E+04  2.7792E+03  1.5891E+02  2.4626E+03  0.0000E+00
  2.9627E+03  1.0000E+00  3.3753E-04  1.0965E+09  2.9510E+02  1.2865E+04  2.7856E+03  1.6044E+02  2.4672E+03  0.0000E+00
  2.9643E+03  1.0000E+00  3.3735E-04  1.1090E+09  2.9516E+02  1.3123E+04  2.7919E+03  1.6198E+02  2.4717E+03  0.0000E+00
  2.9660E+03  1.0000E+00  3.3716E-04  1.1227E+09  2.9519E+02  1.3385E+04  2.7988E+03  1.6365E+02  2.4766E+03  0.0000E+00
  2.9676E+03  1.0000E+00  3.3697E-04  1.1354E+09  2.9524E+02  1.3653E+04  2.8052E+03  1.6520E+02  2.4812E+03  0.0000E+00
  2.9693E+03  1.0000E+00  3.3678E-04  1.1493E+09  2.9527E+02  1.3926E+04  2.8121E+03  1.6689E+02  2.4861E+03  0.0000E+00
  2.9711E+03  1.0000E+00  3.3658E-04  1.1632E+09  2.9532E+02  1.4204E+04  2.8190E+03  1.6858E+02  2.4910E+03  0.0000E+00
  2.9728E+03  1.0000E+00  3.3638E-04  1.1773E+09  2.9536E+02  1.4488E+04  2.8258E+03  1.7028E+02  2.4960E+03  0.0000E+00
  2.9746E+03  1.0000E+00  3.3619E-04  1.1914E+09  2.9541E+02  1.4778E+04  2.8327E+03  1.7198E+02  2.5009E+03  0.0000E+00
  2.9763E+03  1.0000E+00  3.3599E-04  1.2056E+09  2.9547E+02  1.5074E+04  2.8396E+03  1.7369E+02  2.5058E+03  0.0000E+00
  2.9780E+03  1.0000E+00  3.3579E-04  1.2199E+09  2.9553E+02  1.5375E+04  2.8464E+03  1.7540E+02  2.5108E+03  0.0000E+00
  2.9798E+03  1.0000E+00  3.3559E-04  1.2343E+09  2.9560E+02  1.5683E+04  2.8533E+03  1.7712E+02  2.5158E+03  0.0000E+00
  2.9815E+03  1.0000E+00  3.3540E-04  1.2487E+09  2.9568E+02  1.5996E+04  2.8601E+03  1.7884E+02  2.5207E+03  0.0000E+00
  2.9833E+03  1.0000E+00  3.3520E-04  1.2633E+09  2.9576E+02  1.6316E+04  2.8669E+03  1.8057E+02  2.5257E+03  0.0000E+00
  2.9852E+03  1.0000E+00  3.3499E-04  1.2791E+09  2.9583E+02  1.6643E+04  2.8743E+03  1.8244E+02  2.5310E+03  0.0000E+00
  2.9869E+03  1.0000E+00  3.3479E-04  1.2938E+09  2.9592E+02  1.6976E+04  2.8811E+03  1.8418E+02  2.5360E+03  0.0000E+00
  2.9888E+03  1.0000E+00  3.3458E-04  1.3098E+09  2.9600E+02  1.7315E+04  2.8885E+03  1.8606E+02  2.5413E+03  0.0000E+00
  2.9907E+03  1.0000E+00  3.3437E-04  1.3258E+09  2.9609E+02  1.7661E+04  2.8959E+03  1.8795E+02  2.5467E+03  0.0000E+00
  2.9926E+03  1.0000E+00  3.3416E-04  1.3420E+09  2.9616E+02  1.8015E+04  2.9032E+03  1.8984E+02  2.5520E+03  0.0000E+00
  2.9945E+03  1.0000E+00  3.3394E-04  1.3583E+09  2.9622E+02  1.8375E+04  2.9105E+03  1.9174E+02  2.5574E+03  0.0000E+00
  2.9964E+03  1.0000E+00  3.3373E-04  1.3747E+09  2.9628E+02  1.8742E+04  2.9179E+03  1.9365E+02  2.5627E+03  0.0000E+00
  2.9983E+03  1.0000E+00  3.3352E-04  1.3912E+09  2.9635E+02  1.9117E+04  2.9252E+03  1.9556E+02  2.5681E+03  0.0000E+00
  3.0002E+03  1.0000E+00  3.3331E-04  1.4078E+09  2.9643E+02  1.9500E+04  2.9325E+03  1.9748E+02  2.5735E+03  0.0000E+00
  3.0021E+03  1.0000E+00  3.3310E-04  1.4245E+09  2.9651E+02  1.9890E+04  2.9398E+03  1.9941E+02  2.5789E+03  0.0000E+00
  3.0042E+03  1.0000E+00  3.3287E-04  1.4425E+09  2.9658E+02  2.0287E+04  2.9477E+03  2.0148E+02  2.5846E+03  0.0000E+00
  3.0061E+03  1.0000E+00  3.3266E-04  1.4594E+09  2.9669E+02  2.0693E+04  2.9550E+03  2.0342E+02  2.5900E+03  0.0000E+00
  3.0082E+03  1.0000E+00  3.3243E-04  1.4777E+09  2.9677E+02  2.1107E+04  2.9628E+03  2.0551E+02  2.5958E+03  0.0000E+00
  3.0102E+03  1.0000E+00  3.3220E-04  1.4960E+09  2.9686E+02  2.1529E+04  2.9706E+03  2.0760E+02  2.6015E+03  0.0000E+00
  3.0121E+03  1.0000E+00  3.3199E-04  1.5133E+09  2.9699E+02  2.1960E+04  2.9779E+03  2.0956E+02  2.6070E+03  0.0000E+00
  3.0142E+03  1.0000E+00  3.3176E-04  1.5319E+09  2.9710E+02  2.2399E+04  2.9857E+03  2.1166E+02  2.6127E+03  0.0000E+00
  3.0162E+03  1.0000E+00  3.3154E-04  1.5506E+09  2.9722E+02  2.2847E+04  2.9935E+03  2.1378E+02  2.6185E+03  0.0000E+00
  3.0183E+03  1.0000E+00  3.3131E-04  1.5694E+09  2.9735E+02  2.3304E+04  3.0013E+03  2.1590E+02  2.6243E+03  0.0000E+00
  3.0204E+03  1.0000E+00  3.3108E-04  1.5884E+09  2.9746E+02  2.3770E+04  3.0090E+03  2.1803E+02  2.6301E+03  0.0000E+00
  3.0224E+03  1.0000E+00  3.3086E-04  1.6075E+09  2.9755E+02  2.4245E+04  3.0168E+03  2.2016E+02  2.6359E+03  0.0000E+00
  3.0245E+03  1.0000E+00  3.3063E-04  1.6267E+09  2.9766E+02  2.4730E+04  3.0246E+03  2.2230E+02  2.6418E+03  0.0000E+00
  3.0267E+03  1.0000E+00  3.3039E-04  1.6474E+09  2.9774E+02  2.5225E+04  3.0329E+03  2.2460E+02  2.6479E+03  0.0000E+00
  3.0288E+03  1.0000E+00  3.3016E-04  1.6669E+09  2.9787E+02  2.5729E+04  3.0406E+03  2.2675E+02  2.6538E+03  0.0000E+00
  3.0312E+03  1.0000E+00  3.2991E-04  1.6891E+09  2.9794E+02  2.6244E+04  3.0494E+03  2.2921E+02  2.6603E+03  0.0000E+00
  3.0332E+03  1.0000E+00  3.2968E-04  1.7088E+09  2.9809E+02  2.6769E+04  3.0572E+03  2.3138E+02  2.6662E+03  0.0000E+00
  3.0355E+03  1.0000E+00  3.2944E-04  1.7300E+09  2.9821E+02  2.7304E+04  3.0654E+03  2.3371E+02  2.6724E+03  0.0000E+00
  3.0375E+03  1.0000E+00  3.2921E-04  1.7501E+09  2.9838E+02  2.7850E+04  3.0731E+03  2.3589E+02  2.6783E+03  0.0000E+00
  3.0399E+03  1.0000E+00  3.2896E-04  1.7729E+09  2.9850E+02  2.8407E+04  3.0819E+03  2.3839E+02  2.6848E+03  0.0000E+00
  3.0421E+03  1.0000E+00  3.2872E-04  1.7945E+09  2.9866E+02  2.8975E+04  3.0902E+03  2.4074E+02  2.6911E+03  0.0000E+00
  3.0445E+03  1.0000E+00  3.2846E-04  1.8176E+09  2.9880E+02  2.9555E+04  3.0989E+03  2.4324E+02  2.6977E+03  0.0000E+00
  3.0466E+03  1.0000E+00  3.2823E-04  1.8382E+09  2.9901E+02  3.0146E+04  3.1066E+03  2.4546E+02  2.7036E+03  0.0000E+00
  3.0490E+03  1.0000E+00  3.2798E-04  1.8617E+09  2.9912E+02  3.0749E+04  3.1153E+03  2.4798E+02  2.7102E+03  0.0000E+00
  3.0514E+03  1.0000E+00  3.2772E-04  1.8853E+09  2.9924E+02  3.1364E+04  3.1241E+03  2.5052E+02  2.7168E+03  0.0000E+00
  3.0538E+03  1.0000E+00  3.2747E-04  1.9091E+09  2.9937E+02  3.1991E+04  3.1328E+03  2.5306E+02  2.7234E+03  0.0000E+00
  3.0560E+03  1.0000E+00  3.2723E-04  1.9317E+09  2.9954E+02  3.2631E+04  3.1410E+03  2.5546E+02  2.7298E+03  0.0000E+00
  3.0584E+03  1.0000E+00  3.2697E-04  1.9558E+09  2.9969E+02  3.3283E+04  3.1497E+03  2.5802E+02  2.7364E+03  0.0000E+00
  3.0608E+03  1.0000E+00  3.2671E-04  1.9801E+09  2.9986E+02  3.3949E+04  3.1584E+03  2.6059E+02  2.7431E+03  0.0000E+00
  3.0632E+03  1.0000E+00  3.2646E-04  2.0045E+09  3.0003E+02  3.4628E+04  3.1670E+03  2.6317E+02  2.7498E+03  0.0000E+00
  3.0656E+03  1.0000E+00  3.2620E-04  2.0291E+09  3.0023E+02  3.5321E+04  3.1757E+03  2.6576E+02  2.7564E+03  0.0000E+00
  3.0680E+03  1.0000E+00  3.2595E-04  2.0540E+09  3.0043E+02  3.6027E+04  3.1844E+03  2.6835E+02  2.7631E+03  0.0000E+00
  3.0705E+03  1.0000E+00  3.2568E-04  2.0804E+09  3.0062E+02  3.6748E+04  3.1936E+03  2.7111E+02  2.7702E+03  0.0000E+00
  3.0729E+03  1.0000E+00  3.2542E-04  2.1055E+09  3.0085E+02  3.7483E+04  3.2022E+03  2.7373E+02  2.7769E+03  0.0000E+00
  3.0755E+03  1.0000E+00  3.2515E-04  2.1323E+09  3.0105E+02  3.8232E+04  3.2114E+03  2.7651E+02  2.7840E+03  0.0000E+00
  3.0779E+03  1.0000E+00  3.2490E-04  2.1579E+09  3.0124E+02  3.8997E+04  3.2200E+03  2.7914E+02  2.7907E+03  0.0000E+00
  3.0806E+03  1.0000E+00  3.2462E-04  2.1865E+09  3.0139E+02  3.9777E+04  3.2297E+03  2.8210E+02  2.7982E+03  0.0000E+00
  3.0830E+03  1.0000E+00  3.2436E-04  2.2125E+09  3.0162E+02  4.0572E+04  3.2383E+03  2.8475E+02  2.8049E+03  0.0000E+00
  3.0857E+03  1.0000E+00  3.2408E-04  2.2415E+09  3.0179E+02  4.1384E+04  3.2480E+03  2.8773E+02  2.8124E+03  0.0000E+00
  3.0883E+03  1.0000E+00  3.2381E-04  2.2693E+09  3.0201E+02  4.2212E+04  3.2571E+03  2.9056E+02  2.8195E+03  0.0000E+00
  3.0910E+03  1.0000E+00  3.2352E-04  2.2988E+09  3.0222E+02  4.3056E+04  3.2667E+03  2.9356E+02  2.8270E+03  0.0000E+00
  3.0934E+03  1.0000E+00  3.2327E-04  2.3255E+09  3.0251E+02  4.3917E+04  3.2753E+03  2.9626E+02  2.8339E+03  0.0000E+00
  3.0961E+03  1.0000E+00  3.2299E-04  2.3555E+09  3.0275E+02  4.4795E+04  3.2849E+03  2.9928E+02  2.8414E+03  0.0000E+00
  3.0988E+03  1.0000E+00  3.2270E-04  2.3856E+09  3.0300E+02  4.5691E+04  3.2945E+03  3.0231E+02  2.8489E+03  0.0000E+00
  3.1016E+03  1.0000E+00  3.2242E-04  2.4160E+09  3.0328E+02  4.6605E+04  3.3041E+03  3.0535E+02  2.8564E+03  0.0000E+00
  3.1043E+03  1.0000E+00  3.2214E-04  2.4467E+09  3.0352E+02  4.7537E+04  3.3137E+03  3.0841E+02  2.8640E+03  0.0000E+00
  3.1070E+03  1.0000E+00  3.2185E-04  2.4775E+09  3.0375E+02  4.8488E+04  3.3233E+03  3.1148E+02  2.8715E+03  0.0000E+00
  3.1098E+03  1.0000E+00  3.2157E-04  2.5086E+09  3.0400E+02  4.9458E+04  3.3329E+03  3.1455E+02  2.8791E+03  0.0000E+00
  3.1125E+03  1.0000E+00  3.2129E-04  2.5400E+09  3.0428E+02  5.0447E+04  3.3424E+03  3.1764E+02  2.8867E+03  0.0000E+00
  3.1152E+03  1.0000E+00  3.2100E-04  2.5715E+09  3.0457E+02  5.1456E+04  3.3520E+03  3.2075E+02  2.8943E+03  0.0000E+00
  3.1180E+03  1.0000E+00  3.2072E-04  2.6033E+09  3.0488E+02  5.2485E+04  3.3615E+03  3.2386E+02  2.9020E+03  0.0000E+00
  3.1210E+03  1.0000E+00  3.2041E-04  2.6386E+09  3.0513E+02  5.3534E+04  3.3721E+03  3.2731E+02  2.9103E+03  0.0000E+00
  3.1238E+03  1.0000E+00  3.2013E-04  2.6709E+09  3.0548E+02  5.4605E+04  3.3816E+03  3.3045E+02  2.9179E+03  0.0000E+00
  3.1265E+03  1.0000E+00  3.1985E-04  2.7035E+09  3.0585E+02  5.5697E+04  3.3911E+03  3.3360E+02  2.9256E+03  0.0000E+00
  3.1296E+03  1.0000E+00  3.1953E-04  2.7396E+09  3.0616E+02  5.6811E+04  3.4017E+03  3.3709E+02  2.9340E+03  0.0000E+00
  3.1326E+03  1.0000E+00  3.1922E-04  2.7759E+09  3.0642E+02  5.7947E+04  3.4122E+03  3.4059E+02  2.9423E+03  0.0000E+00
  3.1354E+03  1.0000E+00  3.1894E-04  2.8093E+09  3.0678E+02  5.9106E+04  3.4217E+03  3.4378E+02  2.9501E+03  0.0000E+00
  3.1384E+03  1.0000E+00  3.1863E-04  2.8462E+09  3.0708E+02  6.0288E+04  3.4322E+03  3.4731E+02  2.9585E+03  0.0000E+00
  3.1415E+03  1.0000E+00  3.1832E-04  2.8835E+09  3.0739E+02  6.1494E+04  3.4427E+03  3.5086E+02  2.9669E+03  0.0000E+00
  3.1443E+03  1.0000E+00  3.1804E-04  2.9176E+09  3.0782E+02  6.2724E+04  3.4521E+03  3.5409E+02  2.9747E+03  0.0000E+00
  3.1473E+03  1.0000E+00  3.1773E-04  2.9554E+09  3.0818E+02  6.3979E+04  3.4626E+03  3.5766E+02  2.9831E+03  0.0000E+00
  3.1504E+03  1.0000E+00  3.1742E-04  2.9936E+09  3.0857E+02  6.5258E+04  3.4731E+03  3.6125E+02  2.9916E+03  0.0000E+00
  3.1535E+03  1.0000E+00  3.1711E-04  3.0320E+09  3.0898E+02  6.6563E+04  3.4835E+03  3.6485E+02  3.0001E+03  0.0000E+00
  3.1566E+03  1.0000E+00  3.1680E-04  3.0707E+09  3.0942E+02  6.7895E+04  3.4940E+03  3.6846E+02  3.0086E+03  0.0000E+00
  3.1597E+03  1.0000E+00  3.1649E-04  3.1098E+09  3.0983E+02  6.9252E+04  3.5044E+03  3.7209E+02  3.0171E+03  0.0000E+00
  3.1628E+03  1.0000E+00  3.1618E-04  3.1491E+09  3.1023E+02  7.0637E+04  3.5149E+03  3.7574E+02  3.0257E+03  0.0000E+00
  3.1662E+03  1.0000E+00  3.1584E-04  3.1924E+09  3.1056E+02  7.2050E+04  3.5263E+03  3.7974E+02  3.0349E+03  0.0000E+00
  3.1693E+03  1.0000E+00  3.1553E-04  3.2324E+09  3.1101E+02  7.3491E+04  3.5367E+03  3.8341E+02  3.0435E+03  0.0000E+00
  3.1724E+03  1.0000E+00  3.1522E-04  3.2727E+09  3.1150E+02  7.4961E+04  3.5471E+03  3.8710E+02  3.0521E+03  0.0000E+00
  3.1758E+03  1.0000E+00  3.1488E-04  3.3170E+09  3.1191E+02  7.6460E+04  3.5585E+03  3.9115E+02  3.0614E+03  0.0000E+00
  3.1789E+03  1.0000E+00  3.1458E-04  3.3580E+09  3.1245E+02  7.7989E+04  3.5689E+03  3.9487E+02  3.0700E+03  0.0000E+00
  3.1823E+03  1.0000E+00  3.1424E-04  3.4030E+09  3.1292E+02  7.9549E+04  3.5803E+03  3.9896E+02  3.0794E+03  0.0000E+00
  3.1854E+03  1.0000E+00  3.1393E-04  3.4447E+09  3.1352E+02  8.1140E+04  3.5907E+03  4.0271E+02  3.0881E+03  0.0000E+00
  3.1888E+03  1.0000E+00  3.1360E-04  3.4905E+09  3.1395E+02  8.2763E+04  3.6021E+03  4.0682E+02  3.0974E+03  0.0000E+00
  3.1923E+03  1.0000E+00  3.1326E-04  3.5366E+09  3.1442E+02  8.4418E+04  3.6134E+03  4.1095E+02  3.1068E+03  0.0000E+00
  3.1957E+03  1.0000E+00  3.1292E-04  3.5832E+09  3.1491E+02  8.6107E+04  3.6248E+03  4.1510E+02  3.1162E+03  0.0000E+00
  3.1988E+03  1.0000E+00  3.1262E-04  3.6263E+09  3.1555E+02  8.7829E+04  3.6351E+03  4.1892E+02  3.1250E+03  0.0000E+00
  3.2026E+03  1.0000E+00  3.1225E-04  3.6774E+09  3.1600E+02  8.9585E+04  3.6474E+03  4.2346E+02  3.1351E+03  0.0000E+00
  3.2057E+03  1.0000E+00  3.1194E-04  3.7213E+09  3.1670E+02  9.1377E+04  3.6578E+03  4.2730E+02  3.1440E+03  0.0000E+00
  3.2095E+03  1.0000E+00  3.1158E-04  3.7733E+09  3.1722E+02  9.3205E+04  3.6701E+03  4.3188E+02  3.1541E+03  0.0000E+00
  3.2129E+03  1.0000E+00  3.1124E-04  3.8218E+09  3.1788E+02  9.5069E+04  3.6814E+03  4.3612E+02  3.1636E+03  0.0000E+00
  3.2164E+03  1.0000E+00  3.1091E-04  3.8707E+09  3.1849E+02  9.6970E+04  3.6927E+03  4.4037E+02  3.1732E+03  0.0000E+00
  3.2198E+03  1.0000E+00  3.1058E-04  3.9201E+09  3.1912E+02  9.8909E+04  3.7040E+03  4.4464E+02  3.1828E+03  0.0000E+00
  3.2236E+03  1.0000E+00  3.1021E-04  3.9738E+09  3.1967E+02  1.0089E+05  3.7163E+03  4.4929E+02  3.1930E+03  0.0000E+00
  3.2271E+03  1.0000E+00  3.0988E-04  4.0241E+09  3.2038E+02  1.0291E+05  3.7276E+03  4.5361E+02  3.2026E+03  0.0000E+00
  3.2309E+03  1.0000E+00  3.0952E-04  4.0788E+09  3.2100E+02  1.0496E+05  3.7398E+03  4.5830E+02  3.2129E+03  0.0000E+00
  3.2343E+03  1.0000E+00  3.0918E-04  4.1299E+09  3.2179E+02  1.0706E+05  3.7511E+03  4.6264E+02  3.2226E+03  0.0000E+00
  3.2381E+03  1.0000E+00  3.0882E-04  4.1855E+09  3.2250E+02  1.0920E+05  3.7633E+03  4.6738E+02  3.2330E+03  0.0000E+00
  3.2419E+03  1.0000E+00  3.0846E-04  4.2416E+09  3.2321E+02  1.1139E+05  3.7756E+03  4.7213E+02  3.2433E+03  0.0000E+00
  3.2457E+03  1.0000E+00  3.0810E-04  4.2982E+09  3.2389E+02  1.1362E+05  3.7878E+03  4.7690E+02  3.2537E+03  0.0000E+00
  3.2492E+03  1.0000E+00  3.0777E-04  4.3512E+09  3.2473E+02  1.1589E+05  3.7990E+03  4.8133E+02  3.2635E+03  0.0000E+00
  3.2530E+03  1.0000E+00  3.0741E-04  4.4088E+09  3.2549E+02  1.1821E+05  3.8113E+03  4.8614E+02  3.2740E+03  0.0000E+00
  3.2568E+03  1.0000E+00  3.0705E-04  4.4669E+09  3.2630E+02  1.2057E+05  3.8235E+03  4.9097E+02  3.2845E+03  0.0000E+00
  3.2607E+03  1.0000E+00  3.0669E-04  4.5255E+09  3.2715E+02  1.2298E+05  3.8357E+03  4.9583E+02  3.2950E+03  0.0000E+00
  3.2645E+03  1.0000E+00  3.0633E-04  4.5846E+09  3.2805E+02  1.2544E+05  3.8479E+03  5.0071E+02  3.3055E+03  0.0000E+00
  3.2686E+03  1.0000E+00  3.0594E-04  4.6486E+09  3.2886E+02  1.2795E+05  3.8610E+03  5.0598E+02  3.3167E+03  0.0000E+00
  3.2725E+03  1.0000E+00  3.0558E-04  4.7089E+09  3.2973E+02  1.3051E+05  3.8732E+03  5.1090E+02  3.3274E+03  0.0000E+00
  3.2763E+03  1.0000E+00  3.0522E-04  4.7696E+09  3.3065E+02  1.3312E+05  3.8854E+03  5.1584E+02  3.3380E+03  0.0000E+00
  3.2805E+03  1.0000E+00  3.0483E-04  4.8353E+09  3.3148E+02  1.3578E+05  3.8985E+03  5.2119E+02  3.3493E+03  0.0000E+00
  3.2843E+03  1.0000E+00  3.0448E-04  4.8972E+09  3.3251E+02  1.3850E+05  3.9107E+03  5.2618E+02  3.3600E+03  0.0000E+00
  3.2885E+03  1.0000E+00  3.0409E-04  4.9641E+09  3.3344E+02  1.4127E+05  3.9238E+03  5.3157E+02  3.3714E+03  0.0000E+00
  3.2924E+03  1.0000E+00  3.0373E-04  5.0271E+09  3.3457E+02  1.4409E+05  3.9360E+03  5.3660E+02  3.3821E+03  0.0000E+00
  3.2969E+03  1.0000E+00  3.0332E-04  5.0998E+09  3.3545E+02  1.4697E+05  3.9500E+03  5.4242E+02  3.3942E+03  0.0000E+00
  3.3007E+03  1.0000E+00  3.0296E-04  5.1640E+09  3.3656E+02  1.4991E+05  3.9622E+03  5.4750E+02  3.4050E+03  0.0000E+00
  3.3049E+03  1.0000E+00  3.0258E-04  5.2334E+09  3.3758E+02  1.5291E+05  3.9753E+03  5.5299E+02  3.4165E+03  0.0000E+00
  3.3091E+03  1.0000E+00  3.0219E-04  5.3034E+09  3.3866E+02  1.5597E+05  3.9884E+03  5.5851E+02  3.4280E+03  0.0000E+00
  3.3133E+03  1.0000E+00  3.0181E-04  5.3741E+09  3.3979E+02  1.5909E+05  4.0015E+03  5.6405E+02  3.4396E+03  0.0000E+00
  3.3176E+03  1.0000E+00  3.0143E-04  5.4454E+09  3.4099E+02  1.6227E+05  4.0146E+03  5.6961E+02  3.4512E+03  0.0000E+00
  3.3221E+03  1.0000E+00  3.0102E-04  5.5221E+09  3.4209E+02  1.6552E+05  4.0286E+03  5.7559E+02  3.4635E+03  0.0000E+00
  3.3260E+03  1.0000E+00  3.0066E-04  5.5901E+09  3.4350E+02  1.6883E+05  4.0408E+03  5.8082E+02  3.4745E+03  0.0000E+00
  3.3305E+03  1.0000E+00  3.0025E-04  5.6682E+09  3.4458E+02  1.7220E+05  4.0548E+03  5.8685E+02  3.4869E+03  0.0000E+00
  3.3351E+03  1.0000E+00  2.9984E-04  5.7471E+09  3.4573E+02  1.7565E+05  4.0688E+03  5.9292E+02  3.4993E+03  0.0000E+00
  3.3393E+03  1.0000E+00  2.9946E-04  5.8219E+09  3.4710E+02  1.7916E+05  4.0819E+03  5.9862E+02  3.5110E+03  0.0000E+00
  3.3439E+03  1.0000E+00  2.9905E-04  5.9023E+09  3.4838E+02  1.8274E+05  4.0959E+03  6.0474E+02  3.5235E+03  0.0000E+00
  3.3482E+03  1.0000E+00  2.9867E-04  5.9785E+09  3.4989E+02  1.8640E+05  4.1089E+03  6.1049E+02  3.5354E+03  0.0000E+00
  3.3527E+03  1.0000E+00  2.9826E-04  6.0604E+09  3.5128E+02  1.9013E+05  4.1230E+03  6.1667E+02  3.5479E+03  0.0000E+00
  3.3573E+03  1.0000E+00  2.9785E-04  6.1431E+09  3.5261E+02  1.9393E+05  4.1370E+03  6.2288E+02  3.5605E+03  0.0000E+00
  3.3619E+03  1.0000E+00  2.9745E-04  6.2266E+09  3.5402E+02  1.9781E+05  4.1510E+03  6.2911E+02  3.5731E+03  0.0000E+00
  3.3665E+03  1.0000E+00  2.9704E-04  6.3109E+09  3.5551E+02  2.0176E+05  4.1650E+03  6.3538E+02  3.5857E+03  0.0000E+00
  3.3711E+03  1.0000E+00  2.9663E-04  6.3960E+09  3.5707E+02  2.0580E+05  4.1789E+03  6.4168E+02  3.5984E+03  0.0000E+00
  3.3758E+03  1.0000E+00  2.9623E-04  6.4820E+09  3.5870E+02  2.0992E+05  4.1929E+03  6.4801E+02  3.6112E+03  0.0000E+00
  3.3804E+03  1.0000E+00  2.9582E-04  6.5687E+09  3.6039E+02  2.1411E+05  4.2069E+03  6.5436E+02  3.6240E+03  0.0000E+00
  3.3850E+03  1.0000E+00  2.9542E-04  6.6564E+09  3.6203E+02  2.1840E+05  4.2209E+03  6.6075E+02  3.6368E+03  0.0000E+00
  3.3896E+03  1.0000E+00  2.9502E-04  6.7448E+09  3.6375E+02  2.2276E+05  4.2349E+03  6.6718E+02  3.6496E+03  0.0000E+00
  3.3950E+03  1.0000E+00  2.9456E-04  6.8448E+09  3.6518E+02  2.2722E+05  4.2508E+03  6.7444E+02  3.6638E+03  0.0000E+00
  3.3996E+03  1.0000E+00  2.9415E-04  6.9351E+09  3.6707E+02  2.3176E+05  4.2648E+03  6.8093E+02  3.6768E+03  0.0000E+00
  3.4043E+03  1.0000E+00  2.9375E-04  7.0262E+09  3.6905E+02  2.3640E+05  4.2788E+03  6.8745E+02  3.6898E+03  0.0000E+00
  3.4092E+03  1.0000E+00  2.9332E-04  7.1237E+09  3.7086E+02  2.4113E+05  4.2937E+03  6.9441E+02  3.7035E+03  0.0000E+00
  3.4142E+03  1.0000E+00  2.9289E-04  7.2221E+09  3.7266E+02  2.4595E+05  4.3086E+03  7.0141E+02  3.7172E+03  0.0000E+00
  3.4189E+03  1.0000E+00  2.9249E-04  7.3160E+09  3.7475E+02  2.5087E+05  4.3226E+03  7.0803E+02  3.7303E+03  0.0000E+00
  3.4243E+03  1.0000E+00  2.9203E-04  7.4220E+09  3.7654E+02  2.5589E+05  4.3384E+03  7.1551E+02  3.7448E+03  0.0000E+00
  3.4290E+03  1.0000E+00  2.9163E-04  7.5179E+09  3.7882E+02  2.6100E+05  4.3524E+03  7.2220E+02  3.7580E+03  0.0000E+00
  3.4343E+03  1.0000E+00  2.9118E-04  7.6259E+09  3.8080E+02  2.6622E+05  4.3683E+03  7.2975E+02  3.7726E+03  0.0000E+00
  3.4394E+03  1.0000E+00  2.9075E-04  7.7294E+09  3.8292E+02  2.7155E+05  4.3832E+03  7.3693E+02  3.7865E+03  0.0000E+00
  3.4447E+03  1.0000E+00  2.9030E-04  7.8397E+09  3.8491E+02  2.7698E+05  4.3990E+03  7.4457E+02  3.8012E+03  0.0000E+00
  3.4495E+03  1.0000E+00  2.8990E-04  7.9396E+09  3.8744E+02  2.8252E+05  4.4130E+03  7.5139E+02  3.8146E+03  0.0000E+00
  3.4549E+03  1.0000E+00  2.8945E-04  8.0521E+09  3.8964E+02  2.8817E+05  4.4289E+03  7.5910E+02  3.8294E+03  0.0000E+00
  3.4603E+03  1.0000E+00  2.8899E-04  8.1658E+09  3.9195E+02  2.9393E+05  4.4447E+03  7.6685E+02  3.8442E+03  0.0000E+00
  3.4657E+03  1.0000E+00  2.8854E-04  8.2806E+09  3.9426E+02  2.9981E+05  4.4606E+03  7.7464E+02  3.8590E+03  0.0000E+00
  3.4708E+03  1.0000E+00  2.8812E-04  8.3907E+09  3.9683E+02  3.0581E+05  4.4755E+03  7.8205E+02  3.8733E+03  0.0000E+00
  3.4762E+03  1.0000E+00  2.8767E-04  8.5079E+09  3.9928E+02  3.1192E+05  4.4914E+03  7.8992E+02  3.8883E+03  0.0000E+00
  3.4816E+03  1.0000E+00  2.8722E-04  8.6263E+09  4.0186E+02  3.1816E+05  4.5072E+03  7.9783E+02  3.9033E+03  0.0000E+00
  3.4871E+03  1.0000E+00  2.8677E-04  8.7460E+09  4.0455E+02  3.2452E+05  4.5231E+03  8.0578E+02  3.9184E+03  0.0000E+00
  3.4925E+03  1.0000E+00  2.8632E-04  8.8669E+09  4.0728E+02  3.3102E+05  4.5389E+03  8.1378E+02  3.9335E+03  0.0000E+00
  3.4980E+03  1.0000E+00  2.8588E-04  8.9890E+09  4.1003E+02  3.3764E+05  4.5548E+03  8.2182E+02  3.9487E+03  0.0000E+00
  3.5035E+03  1.0000E+00  2.8543E-04  9.1125E+09  4.1290E+02  3.4439E+05  4.5707E+03  8.2990E+02  3.9640E+03  0.0000E+00
  3.5090E+03  1.0000E+00  2.8498E-04  9.2372E+09  4.1590E+02  3.5128E+05  4.5866E+03  8.3802E+02  3.9793E+03  0.0000E+00
  3.5145E+03  1.0000E+00  2.8454E-04  9.3632E+09  4.1903E+02  3.5830E+05  4.6025E+03  8.4618E+02  3.9947E+03  0.0000E+00
  3.5206E+03  1.0000E+00  2.8404E-04  9.5034E+09  4.2171E+02  3.6547E+05  4.6202E+03  8.5528E+02  4.0114E+03  0.0000E+00
  3.5262E+03  1.0000E+00  2.8359E-04  9.6322E+09  4.2492E+02  3.7278E+05  4.6361E+03  8.6353E+02  4.0269E+03  0.0000E+00
  3.5317E+03  1.0000E+00  2.8315E-04  9.7624E+09  4.2827E+02  3.8023E+05  4.6520E+03  8.7183E+02  4.0424E+03  0.0000E+00
  3.5379E+03  1.0000E+00  2.8265E-04  9.9070E+09  4.3124E+02  3.8784E+05  4.6697E+03  8.8107E+02  4.0593E+03  0.0000E+00
  3.5434E+03  1.0000E+00  2.8221E-04  1.0040E+10  4.3488E+02  3.9559E+05  4.6856E+03  8.8946E+02  4.0750E+03  0.0000E+00
  3.5490E+03  1.0000E+00  2.8177E-04  1.0174E+10  4.3854E+02  4.0351E+05  4.7016E+03  8.9789E+02  4.0908E+03  0.0000E+00
  3.5552E+03  1.0000E+00  2.8128E-04  1.0324E+10  4.4173E+02  4.1158E+05  4.7193E+03  9.0728E+02  4.1078E+03  0.0000E+00
  3.5615E+03  1.0000E+00  2.8078E-04  1.0475E+10  4.4508E+02  4.1981E+05  4.7370E+03  9.1672E+02  4.1250E+03  0.0000E+00
  3.5671E+03  1.0000E+00  2.8034E-04  1.0614E+10  4.4912E+02  4.2820E+05  4.7530E+03  9.2530E+02  4.1409E+03  0.0000E+00
  3.5733E+03  1.0000E+00  2.7985E-04  1.0768E+10  4.5278E+02  4.3677E+05  4.7708E+03  9.3483E+02  4.1582E+03  0.0000E+00
  3.5789E+03  1.0000E+00  2.7941E-04  1.0910E+10  4.5695E+02  4.4550E+05  4.7868E+03  9.4351E+02  4.1743E+03  0.0000E+00
  3.5852E+03  1.0000E+00  2.7892E-04  1.1067E+10  4.6071E+02  4.5441E+05  4.8046E+03  9.5315E+02  4.1918E+03  0.0000E+00
  3.5915E+03  1.0000E+00  2.7843E-04  1.1226E+10  4.6465E+02  4.6350E+05  4.8223E+03  9.6285E+02  4.2093E+03  0.0000E+00
  3.5979E+03  1.0000E+00  2.7794E-04  1.1387E+10  4.6875E+02  4.7277E+05  4.8401E+03  9.7260E+02  4.2268E+03  0.0000E+00
  3.6042E+03  1.0000E+00  2.7745E-04  1.1550E+10  4.7291E+02  4.8223E+05  4.8580E+03  9.8240E+02  4.2445E+03  0.0000E+00
  3.6106E+03  1.0000E+00  2.7697E-04  1.1715E+10  4.7714E+02  4.9187E+05  4.8758E+03  9.9226E+02  4.2622E+03  0.0000E+00
  3.6162E+03  1.0000E+00  2.7653E-04  1.1867E+10  4.8216E+02  5.0171E+05  4.8919E+03  1.0012E+03  4.2787E+03  0.0000E+00
  3.6233E+03  1.0000E+00  2.7599E-04  1.2050E+10  4.8615E+02  5.1174E+05  4.9115E+03  1.0121E+03  4.2979E+03  0.0000E+00
  3.6297E+03  1.0000E+00  2.7551E-04  1.2220E+10  4.9091E+02  5.2198E+05  4.9294E+03  1.0222E+03  4.3158E+03  0.0000E+00
  3.6361E+03  1.0000E+00  2.7502E-04  1.2392E+10  4.9565E+02  5.3242E+05  4.9472E+03  1.0323E+03  4.3338E+03  0.0000E+00
  3.6425E+03  1.0000E+00  2.7454E-04  1.2566E+10  5.0060E+02  5.4307E+05  4.9651E+03  1.0424E+03  4.3520E+03  0.0000E+00
  3.6489E+03  1.0000E+00  2.7406E-04  1.2742E+10  5.0575E+02  5.5393E+05  4.9831E+03  1.0526E+03  4.3702E+03  0.0000E+00
  3.6553E+03  1.0000E+00  2.7358E-04  1.2920E+10  5.1111E+02  5.6501E+05  5.0010E+03  1.0629E+03  4.3884E+03  0.0000E+00
  3.6624E+03  1.0000E+00  2.7304E-04  1.3115E+10  5.1582E+02  5.7631E+05  5.0207E+03  1.0741E+03  4.4080E+03  0.0000E+00
  3.6689E+03  1.0000E+00  2.7256E-04  1.3298E+10  5.2136E+02  5.8783E+05  5.0387E+03  1.0845E+03  4.4265E+03  0.0000E+00
  3.6754E+03  1.0000E+00  2.7208E-04  1.3482E+10  5.2713E+02  5.9959E+05  5.0566E+03  1.0950E+03  4.4450E+03  0.0000E+00
  3.6826E+03  1.0000E+00  2.7155E-04  1.3684E+10  5.3245E+02  6.1158E+05  5.0764E+03  1.1064E+03  4.4649E+03  0.0000E+00
  3.6890E+03  1.0000E+00  2.7107E-04  1.3872E+10  5.3848E+02  6.2381E+05  5.0944E+03  1.1170E+03  4.4836E+03  0.0000E+00
  3.6963E+03  1.0000E+00  2.7054E-04  1.4079E+10  5.4399E+02  6.3629E+05  5.1142E+03  1.1286E+03  4.5037E+03  0.0000E+00
  3.7028E+03  1.0000E+00  2.7007E-04  1.4272E+10  5.5043E+02  6.4901E+05  5.1323E+03  1.1393E+03  4.5225E+03  0.0000E+00
  3.7100E+03  1.0000E+00  2.6954E-04  1.4484E+10  5.5642E+02  6.6199E+05  5.1521E+03  1.1510E+03  4.5428E+03  0.0000E+00
  3.7165E+03  1.0000E+00  2.6907E-04  1.4681E+10  5.6318E+02  6.7523E+05  5.1702E+03  1.1618E+03  4.5618E+03  0.0000E+00
  3.7238E+03  1.0000E+00  2.6854E-04  1.4898E+10  5.6939E+02  6.8874E+05  5.1901E+03  1.1737E+03  4.5823E+03  0.0000E+00
  3.7311E+03  1.0000E+00  2.6802E-04  1.5117E+10  5.7586E+02  7.0251E+05  5.2100E+03  1.1856E+03  4.6028E+03  0.0000E+00
  3.7384E+03  1.0000E+00  2.6749E-04  1.5338E+10  5.8258E+02  7.1656E+05  5.2299E+03  1.1977E+03  4.6234E+03  0.0000E+00
  3.7450E+03  1.0000E+00  2.6702E-04  1.5545E+10  5.9011E+02  7.3089E+05  5.2481E+03  1.2087E+03  4.6429E+03  0.0000E+00
  3.7523E+03  1.0000E+00  2.6650E-04  1.5772E+10  5.9710E+02  7.4551E+05  5.2681E+03  1.2209E+03  4.6637E+03  0.0000E+00
  3.7597E+03  1.0000E+00  2.6598E-04  1.6002E+10  6.0436E+02  7.6042E+05  5.2881E+03  1.2331E+03  4.6846E+03  0.0000E+00
  3.7670E+03  1.0000E+00  2.6546E-04  1.6234E+10  6.1192E+02  7.7563E+05  5.3081E+03  1.2454E+03  4.7056E+03  0.0000E+00
  3.7744E+03  1.0000E+00  2.6494E-04  1.6469E+10  6.1948E+02  7.9114E+05  5.3281E+03  1.2578E+03  4.7267E+03  0.0000E+00
  3.7818E+03  1.0000E+00  2.6443E-04  1.6706E+10  6.2734E+02  8.0697E+05  5.3482E+03  1.2703E+03  4.7480E+03  0.0000E+00
  3.7892E+03  1.0000E+00  2.6391E-04  1.6947E+10  6.3549E+02  8.2311E+05  5.3683E+03  1.2828E+03  4.7693E+03  0.0000E+00
  3.7966E+03  1.0000E+00  2.6339E-04  1.7190E+10  6.4389E+02  8.3957E+05  5.3884E+03  1.2954E+03  4.7907E+03  0.0000E+00
  3.8040E+03  1.0000E+00  2.6288E-04  1.7437E+10  6.5238E+02  8.5636E+05  5.4086E+03  1.3081E+03  4.8123E+03  0.0000E+00
  3.8122E+03  1.0000E+00  2.6231E-04  1.7705E+10  6.6035E+02  8.7349E+05  5.4305E+03  1.3219E+03  4.8352E+03  0.0000E+00
  3.8197E+03  1.0000E+00  2.6180E-04  1.7957E+10  6.6949E+02  8.9096E+05  5.4507E+03  1.3347E+03  4.8570E+03  0.0000E+00
  3.8271E+03  1.0000E+00  2.6129E-04  1.8213E+10  6.7878E+02  9.0877E+05  5.4709E+03  1.3477E+03  4.8789E+03  0.0000E+00
  3.8354E+03  1.0000E+00  2.6073E-04  1.8491E+10  6.8743E+02  9.2695E+05  5.4929E+03  1.3617E+03  4.9021E+03  0.0000E+00
  3.8429E+03  1.0000E+00  2.6022E-04  1.8753E+10  6.9730E+02  9.4549E+05  5.5132E+03  1.3748E+03  4.9243E+03  0.0000E+00
  3.8512E+03  1.0000E+00  2.5966E-04  1.9037E+10  7.0661E+02  9.6440E+05  5.5353E+03  1.3890E+03  4.9478E+03  0.0000E+00
  3.8587E+03  1.0000E+00  2.5915E-04  1.9306E+10  7.1689E+02  9.8369E+05  5.5557E+03  1.4023E+03  4.9701E+03  0.0000E+00
  3.8670E+03  1.0000E+00  2.5860E-04  1.9597E+10  7.2664E+02  1.0034E+06  5.5778E+03  1.4167E+03  4.9939E+03  0.0000E+00
  3.8746E+03  1.0000E+00  2.5809E-04  1.9872E+10  7.3767E+02  1.0234E+06  5.5983E+03  1.4301E+03  5.0165E+03  0.0000E+00
  3.8829E+03  1.0000E+00  2.5754E-04  2.0171E+10  7.4798E+02  1.0439E+06  5.6205E+03  1.4447E+03  5.0405E+03  0.0000E+00
  3.8913E+03  1.0000E+00  2.5698E-04  2.0474E+10  7.5854E+02  1.0648E+06  5.6427E+03  1.4594E+03  5.0646E+03  0.0000E+00
  3.8997E+03  1.0000E+00  2.5643E-04  2.0780E+10  7.6951E+02  1.0861E+06  5.6650E+03  1.4741E+03  5.0889E+03  0.0000E+00
  3.9073E+03  1.0000E+00  2.5593E-04  2.1069E+10  7.8175E+02  1.1078E+06  5.6856E+03  1.4879E+03  5.1120E+03  0.0000E+00
  3.9165E+03  1.0000E+00  2.5533E-04  2.1404E+10  7.9222E+02  1.1299E+06  5.7097E+03  1.5040E+03  5.1378E+03  0.0000E+00
  3.9241E+03  1.0000E+00  2.5483E-04  2.1701E+10  8.0507E+02  1.1525E+06  5.7304E+03  1.5179E+03  5.1611E+03  0.0000E+00
  3.9326E+03  1.0000E+00  2.5429E-04  2.2023E+10  8.1737E+02  1.1756E+06  5.7528E+03  1.5331E+03  5.1859E+03  0.0000E+00
  3.9411E+03  1.0000E+00  2.5374E-04  2.2349E+10  8.2980E+02  1.1991E+06  5.7753E+03  1.5484E+03  5.2108E+03  0.0000E+00
  3.9495E+03  1.0000E+00  2.5319E-04  2.2679E+10  8.4265E+02  1.2231E+06  5.7978E+03  1.5637E+03  5.2359E+03  0.0000E+00
  3.9588E+03  1.0000E+00  2.5260E-04  2.3035E+10  8.5494E+02  1.2476E+06  5.8221E+03  1.5803E+03  5.2624E+03  0.0000E+00
  3.9666E+03  1.0000E+00  2.5211E-04  2.3352E+10  8.6952E+02  1.2725E+06  5.8430E+03  1.5947E+03  5.2864E+03  0.0000E+00
  3.9759E+03  1.0000E+00  2.5152E-04  2.3717E+10  8.8238E+02  1.2980E+06  5.8674E+03  1.6115E+03  5.3132E+03  0.0000E+00
  3.9844E+03  1.0000E+00  2.5098E-04  2.4065E+10  8.9677E+02  1.3239E+06  5.8901E+03  1.6273E+03  5.3388E+03  0.0000E+00
  3.9930E+03  1.0000E+00  2.5044E-04  2.4417E+10  9.1149E+02  1.3504E+06  5.9129E+03  1.6431E+03  5.3646E+03  0.0000E+00
  4.0024E+03  1.0000E+00  2.4985E-04  2.4796E+10  9.2545E+02  1.3774E+06  5.9374E+03  1.6602E+03  5.3918E+03  0.0000E+00
  4.0110E+03  1.0000E+00  2.4931E-04  2.5158E+10  9.4101E+02  1.4049E+06  5.9602E+03  1.6763E+03  5.4179E+03  0.0000E+00
  4.0204E+03  1.0000E+00  2.4873E-04  2.5547E+10  9.5585E+02  1.4330E+06  5.9848E+03  1.6936E+03  5.4455E+03  0.0000E+00
  4.0291E+03  1.0000E+00  2.4819E-04  2.5918E+10  9.7213E+02  1.4617E+06  6.0078E+03  1.7100E+03  5.4718E+03  0.0000E+00
  4.0386E+03  1.0000E+00  2.4761E-04  2.6317E+10  9.8783E+02  1.4909E+06  6.0325E+03  1.7275E+03  5.4997E+03  0.0000E+00
  4.0473E+03  1.0000E+00  2.4708E-04  2.6698E+10  1.0051E+03  1.5208E+06  6.0556E+03  1.7441E+03  5.5264E+03  0.0000E+00
  4.0568E+03  1.0000E+00  2.4650E-04  2.7108E+10  1.0215E+03  1.5512E+06  6.0804E+03  1.7619E+03  5.5546E+03  0.0000E+00
  4.0655E+03  1.0000E+00  2.4597E-04  2.7499E+10  1.0397E+03  1.5822E+06  6.1036E+03  1.7786E+03  5.5816E+03  0.0000E+00
  4.0751E+03  1.0000E+00  2.4540E-04  2.7920E+10  1.0572E+03  1.6138E+06  6.1286E+03  1.7967E+03  5.6101E+03  0.0000E+00
  4.0846E+03  1.0000E+00  2.4482E-04  2.8346E+10  1.0750E+03  1.6461E+06  6.1536E+03  1.8148E+03  5.6388E+03  0.0000E+00
  4.0942E+03  1.0000E+00  2.4425E-04  2.8778E+10  1.0934E+03  1.6790E+06  6.1786E+03  1.8331E+03  5.6676E+03  0.0000E+00
  4.1038E+03  1.0000E+00  2.4367E-04  2.9216E+10  1.1123E+03  1.7126E+06  6.2037E+03  1.8515E+03  5.6966E+03  0.0000E+00
  4.1135E+03  1.0000E+00  2.4310E-04  2.9660E+10  1.1316E+03  1.7469E+06  6.2289E+03  1.8701E+03  5.7258E+03  0.0000E+00
  4.1223E+03  1.0000E+00  2.4258E-04  3.0084E+10  1.1529E+03  1.7818E+06  6.2525E+03  1.8876E+03  5.7539E+03  0.0000E+00
  4.1320E+03  1.0000E+00  2.4201E-04  3.0540E+10  1.1733E+03  1.8174E+06  6.2779E+03  1.9064E+03  5.7834E+03  0.0000E+00
  4.1417E+03  1.0000E+00  2.4145E-04  3.1002E+10  1.1942E+03  1.8538E+06  6.3032E+03  1.9253E+03  5.8132E+03  0.0000E+00
  4.1515E+03  1.0000E+00  2.4088E-04  3.1470E+10  1.2158E+03  1.8909E+06  6.3287E+03  1.9444E+03  5.8431E+03  0.0000E+00
  4.1612E+03  1.0000E+00  2.4031E-04  3.1945E+10  1.2379E+03  1.9287E+06  6.3542E+03  1.9636E+03  5.8732E+03  0.0000E+00
  4.1710E+03  1.0000E+00  2.3975E-04  3.2426E+10  1.2605E+03  1.9673E+06  6.3798E+03  1.9829E+03  5.9035E+03  0.0000E+00
  4.1808E+03  1.0000E+00  2.3919E-04  3.2913E+10  1.2839E+03  2.0066E+06  6.4055E+03  2.0024E+03  5.9340E+03  0.0000E+00
  4.1914E+03  1.0000E+00  2.3858E-04  3.3435E+10  1.3063E+03  2.0467E+06  6.4329E+03  2.0232E+03  5.9660E+03  0.0000E+00
  4.2013E+03  1.0000E+00  2.3802E-04  3.3936E+10  1.3308E+03  2.0877E+06  6.4587E+03  2.0430E+03  5.9968E+03  0.0000E+00
  4.2111E+03  1.0000E+00  2.3747E-04  3.4445E+10  1.3561E+03  2.1294E+06  6.4846E+03  2.0629E+03  6.0279E+03  0.0000E+00
  4.2219E+03  1.0000E+00  2.3686E-04  3.4988E+10  1.3803E+03  2.1720E+06  6.5123E+03  2.0842E+03  6.0605E+03  0.0000E+00
  4.2318E+03  1.0000E+00  2.3631E-04  3.5511E+10  1.4068E+03  2.2155E+06  6.5383E+03  2.1044E+03  6.0920E+03  0.0000E+00
  4.2426E+03  1.0000E+00  2.3571E-04  3.6069E+10  1.4325E+03  2.2598E+06  6.5661E+03  2.1259E+03  6.1250E+03  0.0000E+00
  4.2525E+03  1.0000E+00  2.3515E-04  3.6607E+10  1.4603E+03  2.3050E+06  6.5924E+03  2.1464E+03  6.1569E+03  0.0000E+00
  4.2633E+03  1.0000E+00  2.3456E-04  3.7181E+10  1.4874E+03  2.3511E+06  6.6203E+03  2.1683E+03  6.1904E+03  0.0000E+00
  4.2734E+03  1.0000E+00  2.3401E-04  3.7734E+10  1.5166E+03  2.3981E+06  6.6467E+03  2.1891E+03  6.2227E+03  0.0000E+00
  4.2851E+03  1.0000E+00  2.3337E-04  3.8354E+10  1.5436E+03  2.4460E+06  6.6765E+03  2.2126E+03  6.2579E+03  0.0000E+00
  4.2951E+03  1.0000E+00  2.3282E-04  3.8923E+10  1.5744E+03  2.4950E+06  6.7031E+03  2.2337E+03  6.2907E+03  0.0000E+00
  4.3052E+03  1.0000E+00  2.3228E-04  3.9500E+10  1.6059E+03  2.5449E+06  6.7298E+03  2.2550E+03  6.3237E+03  0.0000E+00
  4.3170E+03  1.0000E+00  2.3164E-04  4.0147E+10  1.6351E+03  2.5958E+06  6.7598E+03  2.2790E+03  6.3596E+03  0.0000E+00
  4.3272E+03  1.0000E+00  2.3110E-04  4.0741E+10  1.6683E+03  2.6477E+06  6.7867E+03  2.3006E+03  6.3930E+03  0.0000E+00
  4.3390E+03  1.0000E+00  2.3047E-04  4.1406E+10  1.6990E+03  2.7006E+06  6.8169E+03  2.3249E+03  6.4294E+03  0.0000E+00
  4.3492E+03  1.0000E+00  2.2993E-04  4.2017E+10  1.7339E+03  2.7546E+06  6.8440E+03  2.3469E+03  6.4633E+03  0.0000E+00
  4.3612E+03  1.0000E+00  2.2930E-04  4.2701E+10  1.7662E+03  2.8097E+06  6.8744E+03  2.3716E+03  6.5002E+03  0.0000E+00
  4.3714E+03  1.0000E+00  2.2876E-04  4.3331E+10  1.8028E+03  2.8659E+06  6.9016E+03  2.3939E+03  6.5346E+03  0.0000E+00
  4.3834E+03  1.0000E+00  2.2813E-04  4.4035E+10  1.8370E+03  2.9232E+06  6.9323E+03  2.4189E+03  6.5719E+03  0.0000E+00
  4.3937E+03  1.0000E+00  2.2760E-04  4.4683E+10  1.8753E+03  2.9817E+06  6.9598E+03  2.4416E+03  6.6068E+03  0.0000E+00
  4.4057E+03  1.0000E+00  2.2698E-04  4.5407E+10  1.9114E+03  3.0413E+06  6.9906E+03  2.4670E+03  6.6447E+03  0.0000E+00
  4.4161E+03  1.0000E+00  2.2644E-04  4.6074E+10  1.9516E+03  3.1022E+06  7.0183E+03  2.4900E+03  6.6801E+03  0.0000E+00
  4.4282E+03  1.0000E+00  2.2583E-04  4.6819E+10  1.9895E+03  3.1642E+06  7.0493E+03  2.5158E+03  6.7184E+03  0.0000E+00
  4.4403E+03  1.0000E+00  2.2521E-04  4.7576E+10  2.0283E+03  3.2275E+06  7.0805E+03  2.5418E+03  6.7571E+03  0.0000E+00
  4.4508E+03  1.0000E+00  2.2468E-04  4.8274E+10  2.0716E+03  3.2921E+06  7.1086E+03  2.5654E+03  6.7933E+03  0.0000E+00
  4.4630E+03  1.0000E+00  2.2407E-04  4.9052E+10  2.1126E+03  3.3579E+06  7.1399E+03  2.5918E+03  6.8324E+03  0.0000E+00
  4.4752E+03  1.0000E+00  2.2345E-04  4.9842E+10  2.1543E+03  3.4251E+06  7.1714E+03  2.6184E+03  6.8719E+03  0.0000E+00
  4.4857E+03  1.0000E+00  2.2293E-04  5.0572E+10  2.2011E+03  3.4936E+06  7.1999E+03  2.6426E+03  6.9089E+03  0.0000E+00
  4.4980E+03  1.0000E+00  2.2232E-04  5.1386E+10  2.2450E+03  3.5634E+06  7.2316E+03  2.6696E+03  6.9489E+03  0.0000E+00
  4.5104E+03  1.0000E+00  2.2171E-04  5.2211E+10  2.2902E+03  3.6347E+06  7.2635E+03  2.6968E+03  6.9892E+03  0.0000E+00
  4.5227E+03  1.0000E+00  2.2111E-04  5.3049E+10  2.3365E+03  3.7074E+06  7.2955E+03  2.7243E+03  7.0298E+03  0.0000E+00
  4.5333E+03  1.0000E+00  2.2059E-04  5.3825E+10  2.3877E+03  3.7815E+06  7.3245E+03  2.7492E+03  7.0680E+03  0.0000E+00
  4.5458E+03  1.0000E+00  2.1998E-04  5.4688E+10  2.4365E+03  3.8572E+06  7.3567E+03  2.7771E+03  7.1091E+03  0.0000E+00
  4.5582E+03  1.0000E+00  2.1938E-04  5.5564E+10  2.4863E+03  3.9343E+06  7.3891E+03  2.8052E+03  7.1506E+03  0.0000E+00
  4.5707E+03  1.0000E+00  2.1878E-04  5.6453E+10  2.5375E+03  4.0130E+06  7.4216E+03  2.8336E+03  7.1924E+03  0.0000E+00
  4.5833E+03  1.0000E+00  2.1818E-04  5.7356E+10  2.5898E+03  4.0933E+06  7.4543E+03  2.8622E+03  7.2345E+03  0.0000E+00
  4.5958E+03  1.0000E+00  2.1759E-04  5.8273E+10  2.6436E+03  4.1751E+06  7.4871E+03  2.8910E+03  7.2769E+03  0.0000E+00
  4.6066E+03  1.0000E+00  2.1708E-04  5.9125E+10  2.7026E+03  4.2586E+06  7.5169E+03  2.9172E+03  7.3169E+03  0.0000E+00
  4.6193E+03  1.0000E+00  2.1648E-04  6.0069E+10  2.7591E+03  4.3438E+06  7.5500E+03  2.9464E+03  7.3599E+03  0.0000E+00
  4.6319E+03  1.0000E+00  2.1589E-04  6.1028E+10  2.8169E+03  4.4307E+06  7.5832E+03  2.9759E+03  7.4033E+03  0.0000E+00
  4.6446E+03  1.0000E+00  2.1530E-04  6.2001E+10  2.8761E+03  4.5193E+06  7.6166E+03  3.0057E+03  7.4470E+03  0.0000E+00
  4.6574E+03  1.0000E+00  2.1471E-04  6.2990E+10  2.9368E+03  4.6097E+06  7.6502E+03  3.0357E+03  7.4910E+03  0.0000E+00
  4.6701E+03  1.0000E+00  2.1413E-04  6.3994E+10  2.9990E+03  4.7019E+06  7.6839E+03  3.0659E+03  7.5353E+03  0.0000E+00
  4.6829E+03  1.0000E+00  2.1354E-04  6.5014E+10  3.0628E+03  4.7959E+06  7.7178E+03  3.0964E+03  7.5801E+03  0.0000E+00
  4.6958E+03  1.0000E+00  2.1296E-04  6.6050E+10  3.1279E+03  4.8918E+06  7.7518E+03  3.1271E+03  7.6251E+03  0.0000E+00
  4.7087E+03  1.0000E+00  2.1237E-04  6.7102E+10  3.1949E+03  4.9897E+06  7.7860E+03  3.1581E+03  7.6705E+03  0.0000E+00
  4.7216E+03  1.0000E+00  2.1179E-04  6.8170E+10  3.2633E+03  5.0894E+06  7.8203E+03  3.1894E+03  7.7163E+03  0.0000E+00
  4.7345E+03  1.0000E+00  2.1121E-04  6.9255E+10  3.3336E+03  5.1912E+06  7.8548E+03  3.2209E+03  7.7624E+03  0.0000E+00
  4.7494E+03  1.0000E+00  2.1055E-04  7.0446E+10  3.4007E+03  5.2951E+06  7.8927E+03  3.2556E+03  7.8117E+03  0.0000E+00
  4.7624E+03  1.0000E+00  2.0998E-04  7.1566E+10  3.4744E+03  5.4010E+06  7.9275E+03  3.2877E+03  7.8585E+03  0.0000E+00
  4.7754E+03  1.0000E+00  2.0940E-04  7.2704E+10  3.5496E+03  5.5090E+06  7.9626E+03  3.3200E+03  7.9057E+03  0.0000E+00
  4.7885E+03  1.0000E+00  2.0883E-04  7.3861E+10  3.6269E+03  5.6192E+06  7.9978E+03  3.3526E+03  7.9534E+03  0.0000E+00
  4.8017E+03  1.0000E+00  2.0826E-04  7.5035E+10  3.7058E+03  5.7315E+06  8.0332E+03  3.3855E+03  8.0013E+03  0.0000E+00
  4.8148E+03  1.0000E+00  2.0769E-04  7.6229E+10  3.7868E+03  5.8462E+06  8.0688E+03  3.4187E+03  8.0497E+03  0.0000E+00
  4.8299E+03  1.0000E+00  2.0704E-04  7.7535E+10  3.8648E+03  5.9631E+06  8.1077E+03  3.4551E+03  8.1013E+03  0.0000E+00
  4.8432E+03  1.0000E+00  2.0648E-04  7.8768E+10  3.9496E+03  6.0824E+06  8.1436E+03  3.4889E+03  8.1505E+03  0.0000E+00
  4.8564E+03  1.0000E+00  2.0591E-04  8.0020E+10  4.0365E+03  6.2040E+06  8.1798E+03  3.5229E+03  8.2001E+03  0.0000E+00
  4.8698E+03  1.0000E+00  2.0535E-04  8.1293E+10  4.1254E+03  6.3281E+06  8.2162E+03  3.5573E+03  8.2500E+03  0.0000E+00
  4.8831E+03  1.0000E+00  2.0479E-04  8.2586E+10  4.2165E+03  6.4546E+06  8.2527E+03  3.5919E+03  8.3004E+03  0.0000E+00
  4.8984E+03  1.0000E+00  2.0415E-04  8.4000E+10  4.3046E+03  6.5837E+06  8.2926E+03  3.6299E+03  8.3541E+03  0.0000E+00
  4.9118E+03  1.0000E+00  2.0359E-04  8.5336E+10  4.4000E+03  6.7154E+06  8.3296E+03  3.6652E+03  8.4053E+03  0.0000E+00
  4.9253E+03  1.0000E+00  2.0303E-04  8.6694E+10  4.4977E+03  6.8497E+06  8.3667E+03  3.7008E+03  8.4570E+03  0.0000E+00
  4.9408E+03  1.0000E+00  2.0240E-04  8.8176E+10  4.5924E+03  6.9867E+06  8.4072E+03  3.7398E+03  8.5119E+03  0.0000E+00
  4.9543E+03  1.0000E+00  2.0184E-04  8.9580E+10  4.6948E+03  7.1265E+06  8.4448E+03  3.7760E+03  8.5645E+03  0.0000E+00
  4.9679E+03  1.0000E+00  2.0129E-04  9.1006E+10  4.7995E+03  7.2690E+06  8.4827E+03  3.8125E+03  8.6175E+03  0.0000E+00
  4.9835E+03  1.0000E+00  2.0066E-04  9.2562E+10  4.9014E+03  7.4144E+06  8.5238E+03  3.8525E+03  8.6738E+03  0.0000E+00
  4.9971E+03  1.0000E+00  2.0012E-04  9.4037E+10  5.0110E+03  7.5626E+06  8.5621E+03  3.8898E+03  8.7277E+03  0.0000E+00
  5.0108E+03  1.0000E+00  1.9957E-04  9.5536E+10  5.1234E+03  7.7139E+06  8.6006E+03  3.9273E+03  8.7820E+03  0.0000E+00
  5.0265E+03  1.0000E+00  1.9894E-04  9.7169E+10  5.2327E+03  7.8682E+06  8.6424E+03  3.9684E+03  8.8397E+03  0.0000E+00
  5.0403E+03  1.0000E+00  1.9840E-04  9.8719E+10  5.3504E+03  8.0255E+06  8.6814E+03  4.0066E+03  8.8950E+03  0.0000E+00
  5.0541E+03  1.0000E+00  1.9786E-04  1.0030E+11  5.4707E+03  8.1861E+06  8.7206E+03  4.0452E+03  8.9508E+03  0.0000E+00
  5.0700E+03  1.0000E+00  1.9724E-04  1.0201E+11  5.5882E+03  8.3498E+06  8.7632E+03  4.0873E+03  9.0100E+03  0.0000E+00
  5.0839E+03  1.0000E+00  1.9670E-04  1.0364E+11  5.7141E+03  8.5168E+06  8.8029E+03  4.1266E+03  9.0667E+03  0.0000E+00
  5.0998E+03  1.0000E+00  1.9609E-04  1.0541E+11  5.8373E+03  8.6871E+06  8.8459E+03  4.1696E+03  9.1269E+03  0.0000E+00
  5.1138E+03  1.0000E+00  1.9555E-04  1.0710E+11  5.9691E+03  8.8608E+06  8.8861E+03  4.2096E+03  9.1847E+03  0.0000E+00
  5.1298E+03  1.0000E+00  1.9494E-04  1.0893E+11  6.0982E+03  9.0381E+06  8.9296E+03  4.2533E+03  9.2458E+03  0.0000E+00
  5.1439E+03  1.0000E+00  1.9441E-04  1.1067E+11  6.2363E+03  9.2188E+06  8.9704E+03  4.2941E+03  9.3046E+03  0.0000E+00
  5.1600E+03  1.0000E+00  1.9380E-04  1.1257E+11  6.3714E+03  9.4032E+06  9.0144E+03  4.3386E+03  9.3669E+03  0.0000E+00
  5.1742E+03  1.0000E+00  1.9327E-04  1.1437E+11  6.5160E+03  9.5913E+06  9.0557E+03  4.3801E+03  9.4267E+03  0.0000E+00
  5.1904E+03  1.0000E+00  1.9266E-04  1.1633E+11  6.6576E+03  9.7831E+06  9.1003E+03  4.4254E+03  9.4901E+03  0.0000E+00
  5.2046E+03  1.0000E+00  1.9214E-04  1.1820E+11  6.8090E+03  9.9787E+06  9.1422E+03  4.4678E+03  9.5510E+03  0.0000E+00
  5.2209E+03  1.0000E+00  1.9154E-04  1.2023E+11  6.9573E+03  1.0178E+07  9.1873E+03  4.5139E+03  9.6154E+03  0.0000E+00
  5.2353E+03  1.0000E+00  1.9101E-04  1.2216E+11  7.1158E+03  1.0382E+07  9.2298E+03  4.5571E+03  9.6775E+03  0.0000E+00
  5.2517E+03  1.0000E+00  1.9042E-04  1.2425E+11  7.2711E+03  1.0590E+07  9.2755E+03  4.6040E+03  9.7430E+03  0.0000E+00
  5.2661E+03  1.0000E+00  1.8990E-04  1.2626E+11  7.4368E+03  1.0801E+07  9.3185E+03  4.6480E+03  9.8062E+03  0.0000E+00
  5.2826E+03  1.0000E+00  1.8930E-04  1.2842E+11  7.5995E+03  1.1017E+07  9.3648E+03  4.6959E+03  9.8729E+03  0.0000E+00
  5.2971E+03  1.0000E+00  1.8878E-04  1.3050E+11  7.7729E+03  1.1238E+07  9.4084E+03  4.7408E+03  9.9373E+03  0.0000E+00
  5.3137E+03  1.0000E+00  1.8819E-04  1.3274E+11  7.9434E+03  1.1462E+07  9.4553E+03  4.7895E+03  1.0005E+04  0.0000E+00
  5.3282E+03  1.0000E+00  1.8768E-04  1.3488E+11  8.1246E+03  1.1692E+07  9.4996E+03  4.8352E+03  1.0071E+04  0.0000E+00
  5.3449E+03  1.0000E+00  1.8709E-04  1.3720E+11  8.3033E+03  1.1926E+07  9.5471E+03  4.8849E+03  1.0140E+04  0.0000E+00
  5.3596E+03  1.0000E+00  1.8658E-04  1.3943E+11  8.4928E+03  1.2164E+07  9.5920E+03  4.9315E+03  1.0207E+04  0.0000E+00
  5.3764E+03  1.0000E+00  1.8600E-04  1.4183E+11  8.6798E+03  1.2407E+07  9.6402E+03  4.9821E+03  1.0277E+04  0.0000E+00
  5.3932E+03  1.0000E+00  1.8542E-04  1.4427E+11  8.8709E+03  1.2655E+07  9.6887E+03  5.0332E+03  1.0348E+04  0.0000E+00
  5.4080E+03  1.0000E+00  1.8491E-04  1.4662E+11  9.0737E+03  1.2909E+07  9.7346E+03  5.0812E+03  1.0417E+04  0.0000E+00
  5.4250E+03  1.0000E+00  1.8433E-04  1.4915E+11  9.2739E+03  1.3167E+07  9.7838E+03  5.1333E+03  1.0489E+04  0.0000E+00
  5.4399E+03  1.0000E+00  1.8383E-04  1.5157E+11  9.4859E+03  1.3430E+07  9.8304E+03  5.1823E+03  1.0559E+04  0.0000E+00
  5.4569E+03  1.0000E+00  1.8325E-04  1.5419E+11  9.6955E+03  1.3699E+07  9.8802E+03  5.2354E+03  1.0633E+04  0.0000E+00
  5.4740E+03  1.0000E+00  1.8268E-04  1.5686E+11  9.9096E+03  1.3973E+07  9.9305E+03  5.2889E+03  1.0707E+04  0.0000E+00
  5.4890E+03  1.0000E+00  1.8218E-04  1.5942E+11  1.0136E+04  1.4252E+07  9.9781E+03  5.3394E+03  1.0779E+04  0.0000E+00
  5.5062E+03  1.0000E+00  1.8161E-04  1.6218E+11  1.0361E+04  1.4537E+07  1.0029E+04  5.3940E+03  1.0855E+04  0.0000E+00
  5.5213E+03  1.0000E+00  1.8112E-04  1.6484E+11  1.0597E+04  1.4828E+07  1.0077E+04  5.4455E+03  1.0928E+04  0.0000E+00
  5.5386E+03  1.0000E+00  1.8055E-04  1.6770E+11  1.0832E+04  1.5124E+07  1.0129E+04  5.5012E+03  1.1005E+04  0.0000E+00
  5.5538E+03  1.0000E+00  1.8006E-04  1.7045E+11  1.1080E+04  1.5427E+07  1.0178E+04  5.5537E+03  1.1080E+04  0.0000E+00
  5.5712E+03  1.0000E+00  1.7949E-04  1.7341E+11  1.1325E+04  1.5735E+07  1.0231E+04  5.6105E+03  1.1158E+04  0.0000E+00
  5.5887E+03  1.0000E+00  1.7893E-04  1.7643E+11  1.1576E+04  1.6050E+07  1.0284E+04  5.6678E+03  1.1238E+04  0.0000E+00
  5.6040E+03  1.0000E+00  1.7844E-04  1.7934E+11  1.1841E+04  1.6371E+07  1.0334E+04  5.7220E+03  1.1315E+04  0.0000E+00
  5.6216E+03  1.0000E+00  1.7789E-04  1.8246E+11  1.2104E+04  1.6699E+07  1.0388E+04  5.7804E+03  1.1395E+04  0.0000E+00
  5.6370E+03  1.0000E+00  1.7740E-04  1.8547E+11  1.2380E+04  1.7033E+07  1.0439E+04  5.8357E+03  1.1474E+04  0.0000E+00
  5.6547E+03  1.0000E+00  1.7684E-04  1.8871E+11  1.2655E+04  1.7373E+07  1.0493E+04  5.8953E+03  1.1556E+04  0.0000E+00
  5.6724E+03  1.0000E+00  1.7629E-04  1.9201E+11  1.2935E+04  1.7721E+07  1.0548E+04  5.9555E+03  1.1639E+04  0.0000E+00
  5.6880E+03  1.0000E+00  1.7581E-04  1.9520E+11  1.3231E+04  1.8075E+07  1.0600E+04  6.0125E+03  1.1720E+04  0.0000E+00
  5.7058E+03  1.0000E+00  1.7526E-04  1.9862E+11  1.3525E+04  1.8437E+07  1.0656E+04  6.0739E+03  1.1805E+04  0.0000E+00
  5.7214E+03  1.0000E+00  1.7478E-04  2.0192E+11  1.3833E+04  1.8805E+07  1.0709E+04  6.1321E+03  1.1887E+04  0.0000E+00
  5.7394E+03  1.0000E+00  1.7424E-04  2.0546E+11  1.4140E+04  1.9181E+07  1.0766E+04  6.1948E+03  1.1974E+04  0.0000E+00
  5.7574E+03  1.0000E+00  1.7369E-04  2.0907E+11  1.4454E+04  1.9565E+07  1.0823E+04  6.2581E+03  1.2061E+04  0.0000E+00
  5.7731E+03  1.0000E+00  1.7322E-04  2.1256E+11  1.4784E+04  1.9956E+07  1.0878E+04  6.3181E+03  1.2146E+04  0.0000E+00
  5.7912E+03  1.0000E+00  1.7267E-04  2.1630E+11  1.5112E+04  2.0356E+07  1.0936E+04  6.3826E+03  1.2235E+04  0.0000E+00
  5.8071E+03  1.0000E+00  1.7220E-04  2.1993E+11  1.5456E+04  2.0763E+07  1.0991E+04  6.4439E+03  1.2321E+04  0.0000E+00
  5.8253E+03  1.0000E+00  1.7166E-04  2.2381E+11  1.5799E+04  2.1178E+07  1.1050E+04  6.5098E+03  1.2412E+04  0.0000E+00
  5.8413E+03  1.0000E+00  1.7119E-04  2.2757E+11  1.6159E+04  2.1601E+07  1.1107E+04  6.5724E+03  1.2500E+04  0.0000E+00
  5.8596E+03  1.0000E+00  1.7066E-04  2.3159E+11  1.6517E+04  2.2033E+07  1.1167E+04  6.6396E+03  1.2592E+04  0.0000E+00
  5.8780E+03  1.0000E+00  1.7013E-04  2.3569E+11  1.6884E+04  2.2474E+07  1.1227E+04  6.7075E+03  1.2686E+04  0.0000E+00
  5.8918E+03  1.0000E+00  1.6973E-04  2.3947E+11  1.7277E+04  2.2924E+07  1.1282E+04  6.7680E+03  1.2773E+04  0.0000E+00
  5.9103E+03  1.0000E+00  1.6920E-04  2.4372E+11  1.7660E+04  2.3382E+07  1.1343E+04  6.8373E+03  1.2868E+04  0.0000E+00
  5.9288E+03  1.0000E+00  1.6867E-04  2.4805E+11  1.8052E+04  2.3850E+07  1.1405E+04  6.9073E+03  1.2964E+04  0.0000E+00
  5.9474E+03  1.0000E+00  1.6814E-04  2.5247E+11  1.8452E+04  2.4327E+07  1.1468E+04  6.9780E+03  1.3061E+04  0.0000E+00
  5.9613E+03  1.0000E+00  1.6775E-04  2.5654E+11  1.8880E+04  2.4813E+07  1.1525E+04  7.0413E+03  1.3153E+04  0.0000E+00
  5.9800E+03  1.0000E+00  1.6722E-04  2.6112E+11  1.9299E+04  2.5310E+07  1.1588E+04  7.1135E+03  1.3252E+04  0.0000E+00
  5.9988E+03  1.0000E+00  1.6670E-04  2.6578E+11  1.9726E+04  2.5816E+07  1.1652E+04  7.1864E+03  1.3352E+04  0.0000E+00
  6.0176E+03  1.0000E+00  1.6618E-04  2.7054E+11  2.0163E+04  2.6332E+07  1.1717E+04  7.2601E+03  1.3453E+04  0.0000E+00
  6.0317E+03  1.0000E+00  1.6579E-04  2.7493E+11  2.0629E+04  2.6859E+07  1.1776E+04  7.3262E+03  1.3548E+04  0.0000E+00
  6.0506E+03  1.0000E+00  1.6527E-04  2.7987E+11  2.1086E+04  2.7396E+07  1.1842E+04  7.4014E+03  1.3651E+04  0.0000E+00
  6.0696E+03  1.0000E+00  1.6476E-04  2.8489E+11  2.1552E+04  2.7944E+07  1.1908E+04  7.4774E+03  1.3755E+04  0.0000E+00
  6.0862E+03  1.0000E+00  1.6431E-04  2.8978E+11  2.2039E+04  2.8503E+07  1.1972E+04  7.5500E+03  1.3856E+04  0.0000E+00
  6.1053E+03  1.0000E+00  1.6379E-04  2.9500E+11  2.2526E+04  2.9073E+07  1.2040E+04  7.6276E+03  1.3962E+04  0.0000E+00
  6.1197E+03  1.0000E+00  1.6341E-04  2.9984E+11  2.3045E+04  2.9654E+07  1.2102E+04  7.6974E+03  1.4063E+04  0.0000E+00
  6.1388E+03  1.0000E+00  1.6290E-04  3.0526E+11  2.3554E+04  3.0247E+07  1.2170E+04  7.7766E+03  1.4171E+04  0.0000E+00
  6.1581E+03  1.0000E+00  1.6239E-04  3.1078E+11  2.4074E+04  3.0852E+07  1.2240E+04  7.8567E+03  1.4280E+04  0.0000E+00
  6.1750E+03  1.0000E+00  1.6194E-04  3.1615E+11  2.4616E+04  3.1469E+07  1.2307E+04  7.9332E+03  1.4387E+04  0.0000E+00
  6.1943E+03  1.0000E+00  1.6144E-04  3.2189E+11  2.5159E+04  3.2099E+07  1.2377E+04  8.0150E+03  1.4498E+04  0.0000E+00
  6.2089E+03  1.0000E+00  1.6106E-04  3.2722E+11  2.5736E+04  3.2741E+07  1.2442E+04  8.0888E+03  1.4604E+04  0.0000E+00
  6.2283E+03  1.0000E+00  1.6056E-04  3.3317E+11  2.6303E+04  3.3395E+07  1.2514E+04  8.1723E+03  1.4718E+04  0.0000E+00
  6.2479E+03  1.0000E+00  1.6005E-04  3.3924E+11  2.6883E+04  3.4063E+07  1.2586E+04  8.2566E+03  1.4833E+04  0.0000E+00
  6.2625E+03  1.0000E+00  1.5968E-04  3.4489E+11  2.7497E+04  3.4745E+07  1.2654E+04  8.3329E+03  1.4942E+04  0.0000E+00
  6.2822E+03  1.0000E+00  1.5918E-04  3.5119E+11  2.8102E+04  3.5439E+07  1.2727E+04  8.4191E+03  1.5059E+04  0.0000E+00
  6.3019E+03  1.0000E+00  1.5868E-04  3.5761E+11  2.8721E+04  3.6148E+07  1.2802E+04  8.5061E+03  1.5177E+04  0.0000E+00
  6.3167E+03  1.0000E+00  1.5831E-04  3.6361E+11  2.9375E+04  3.6871E+07  1.2871E+04  8.5851E+03  1.5290E+04  0.0000E+00
  6.3365E+03  1.0000E+00  1.5782E-04  3.7028E+11  3.0021E+04  3.7609E+07  1.2947E+04  8.6740E+03  1.5411E+04  0.0000E+00
  6.3538E+03  1.0000E+00  1.5738E-04  3.7679E+11  3.0692E+04  3.8361E+07  1.3020E+04  8.7593E+03  1.5529E+04  0.0000E+00
  6.3738E+03  1.0000E+00  1.5689E-04  3.8372E+11  3.1366E+04  3.9128E+07  1.3097E+04  8.8501E+03  1.5653E+04  0.0000E+00
  6.3887E+03  1.0000E+00  1.5653E-04  3.9021E+11  3.2078E+04  3.9911E+07  1.3170E+04  8.9326E+03  1.5770E+04  0.0000E+00
  6.4088E+03  1.0000E+00  1.5604E-04  3.9740E+11  3.2781E+04  4.0709E+07  1.3248E+04  9.0254E+03  1.5896E+04  0.0000E+00
  6.4238E+03  1.0000E+00  1.5567E-04  4.0415E+11  3.3524E+04  4.1523E+07  1.3322E+04  9.1098E+03  1.6016E+04  0.0000E+00
  6.4440E+03  1.0000E+00  1.5518E-04  4.1162E+11  3.4258E+04  4.2353E+07  1.3402E+04  9.2045E+03  1.6144E+04  0.0000E+00
  6.4591E+03  1.0000E+00  1.5482E-04  4.1864E+11  3.5032E+04  4.3200E+07  1.3477E+04  9.2908E+03  1.6267E+04  0.0000E+00
  6.4793E+03  1.0000E+00  1.5434E-04  4.2640E+11  3.5799E+04  4.4064E+07  1.3558E+04  9.3876E+03  1.6398E+04  0.0000E+00
  6.4997E+03  1.0000E+00  1.5385E-04  4.3432E+11  3.6581E+04  4.4946E+07  1.3640E+04  9.4854E+03  1.6530E+04  0.0000E+00
  6.5149E+03  1.0000E+00  1.5349E-04  4.4177E+11  3.7406E+04  4.5845E+07  1.3718E+04  9.5747E+03  1.6657E+04  0.0000E+00
  6.5354E+03  1.0000E+00  1.5301E-04  4.5000E+11  3.8223E+04  4.6762E+07  1.3802E+04  9.6746E+03  1.6792E+04  0.0000E+00
  6.5507E+03  1.0000E+00  1.5266E-04  4.5774E+11  3.9082E+04  4.7697E+07  1.3881E+04  9.7659E+03  1.6921E+04  0.0000E+00
  6.5712E+03  1.0000E+00  1.5218E-04  4.6629E+11  3.9935E+04  4.8651E+07  1.3966E+04  9.8680E+03  1.7059E+04  0.0000E+00
  6.5867E+03  1.0000E+00  1.5182E-04  4.7435E+11  4.0831E+04  4.9624E+07  1.4047E+04  9.9613E+03  1.7191E+04  0.0000E+00
  6.6073E+03  1.0000E+00  1.5135E-04  4.8323E+11  4.1721E+04  5.0616E+07  1.4134E+04  1.0066E+04  1.7332E+04  0.0000E+00
  6.6228E+03  1.0000E+00  1.5099E-04  4.9161E+11  4.2656E+04  5.1629E+07  1.4216E+04  1.0161E+04  1.7466E+04  0.0000E+00
  6.6436E+03  1.0000E+00  1.5052E-04  5.0085E+11  4.3584E+04  5.2661E+07  1.4305E+04  1.0268E+04  1.7610E+04  0.0000E+00
  6.6592E+03  1.0000E+00  1.5017E-04  5.0957E+11  4.4558E+04  5.3714E+07  1.4389E+04  1.0365E+04  1.7748E+04  0.0000E+00
  6.6749E+03  1.0000E+00  1.4982E-04  5.1846E+11  4.5553E+04  5.4789E+07  1.4474E+04  1.0464E+04  1.7887E+04  0.0000E+00
  6.6958E+03  1.0000E+00  1.4935E-04  5.2824E+11  4.6542E+04  5.5884E+07  1.4565E+04  1.0574E+04  1.8035E+04  0.0000E+00
  6.7115E+03  1.0000E+00  1.4900E-04  5.3749E+11  4.7579E+04  5.7002E+07  1.4652E+04  1.0675E+04  1.8177E+04  0.0000E+00
  6.7326E+03  1.0000E+00  1.4853E-04  5.4766E+11  4.8611E+04  5.8142E+07  1.4745E+04  1.0787E+04  1.8328E+04  0.0000E+00
  6.7484E+03  1.0000E+00  1.4818E-04  5.5728E+11  4.9692E+04  5.9305E+07  1.4833E+04  1.0891E+04  1.8473E+04  0.0000E+00
  6.7642E+03  1.0000E+00  1.4784E-04  5.6710E+11  5.0796E+04  6.0491E+07  1.4923E+04  1.0995E+04  1.8620E+04  0.0000E+00
  6.7854E+03  1.0000E+00  1.4737E-04  5.7788E+11  5.1896E+04  6.1701E+07  1.5018E+04  1.1111E+04  1.8776E+04  0.0000E+00
  6.8014E+03  1.0000E+00  1.4703E-04  5.8809E+11  5.3046E+04  6.2935E+07  1.5110E+04  1.1218E+04  1.8926E+04  0.0000E+00
  6.8227E+03  1.0000E+00  1.4657E-04  5.9930E+11  5.4193E+04  6.4194E+07  1.5207E+04  1.1336E+04  1.9085E+04  0.0000E+00
  6.8387E+03  1.0000E+00  1.4623E-04  6.0992E+11  5.5393E+04  6.5477E+07  1.5300E+04  1.1446E+04  1.9238E+04  0.0000E+00
  6.8548E+03  1.0000E+00  1.4588E-04  6.2076E+11  5.6617E+04  6.6787E+07  1.5395E+04  1.1556E+04  1.9393E+04  0.0000E+00
  6.8709E+03  1.0000E+00  1.4554E-04  6.3181E+11  5.7867E+04  6.8123E+07  1.5490E+04  1.1668E+04  1.9549E+04  0.0000E+00
  6.8924E+03  1.0000E+00  1.4509E-04  6.4392E+11  5.9115E+04  6.9485E+07  1.5591E+04  1.1791E+04  1.9715E+04  0.0000E+00
  6.9086E+03  1.0000E+00  1.4475E-04  6.5543E+11  6.0418E+04  7.0875E+07  1.5688E+04  1.1906E+04  1.9874E+04  0.0000E+00
  6.9248E+03  1.0000E+00  1.4441E-04  6.6716E+11  6.1748E+04  7.2292E+07  1.5786E+04  1.2021E+04  2.0036E+04  0.0000E+00
  6.9466E+03  1.0000E+00  1.4396E-04  6.8000E+11  6.3077E+04  7.3738E+07  1.5891E+04  1.2149E+04  2.0206E+04  0.0000E+00
  6.9629E+03  1.0000E+00  1.4362E-04  6.9221E+11  6.4463E+04  7.5213E+07  1.5991E+04  1.2267E+04  2.0371E+04  0.0000E+00
  6.9792E+03  1.0000E+00  1.4328E-04  7.0466E+11  6.5878E+04  7.6717E+07  1.6092E+04  1.2386E+04  2.0538E+04  0.0000E+00
  6.9956E+03  1.0000E+00  1.4295E-04  7.1736E+11  6.7323E+04  7.8252E+07  1.6194E+04  1.2507E+04  2.0706E+04  0.0000E+00
  7.0176E+03  1.0000E+00  1.4250E-04  7.3124E+11  6.8767E+04  7.9817E+07  1.6303E+04  1.2641E+04  2.0884E+04  0.0000E+00
  7.0340E+03  1.0000E+00  1.4217E-04  7.4446E+11  7.0273E+04  8.1413E+07  1.6407E+04  1.2764E+04  2.1056E+04  0.0000E+00
  7.0506E+03  1.0000E+00  1.4183E-04  7.5795E+11  7.1810E+04  8.3041E+07  1.6513E+04  1.2889E+04  2.1230E+04  0.0000E+00
  7.0671E+03  1.0000E+00  1.4150E-04  7.7170E+11  7.3379E+04  8.4702E+07  1.6619E+04  1.3015E+04  2.1405E+04  0.0000E+00
  7.0837E+03  1.0000E+00  1.4117E-04  7.8572E+11  7.4980E+04  8.6396E+07  1.6727E+04  1.3143E+04  2.1582E+04  0.0000E+00
  7.1004E+03  1.0000E+00  1.4084E-04  8.0003E+11  7.6615E+04  8.8124E+07  1.6836E+04  1.3272E+04  2.1762E+04  0.0000E+00
  7.1226E+03  1.0000E+00  1.4040E-04  8.1563E+11  7.8253E+04  8.9886E+07  1.6951E+04  1.3414E+04  2.1951E+04  0.0000E+00
  7.1394E+03  1.0000E+00  1.4007E-04  8.3052E+11  7.9956E+04  9.1684E+07  1.7062E+04  1.3546E+04  2.2134E+04  0.0000E+00
  7.1561E+03  1.0000E+00  1.3974E-04  8.4571E+11  8.1695E+04  9.3518E+07  1.7174E+04  1.3680E+04  2.2319E+04  0.0000E+00
  7.1730E+03  1.0000E+00  1.3941E-04  8.6120E+11  8.3470E+04  9.5388E+07  1.7287E+04  1.3815E+04  2.2506E+04  0.0000E+00
  7.1898E+03  1.0000E+00  1.3909E-04  8.7700E+11  8.5282E+04  9.7296E+07  1.7402E+04  1.3951E+04  2.2694E+04  0.0000E+00
  7.2067E+03  1.0000E+00  1.3876E-04  8.9312E+11  8.7131E+04  9.9242E+07  1.7518E+04  1.4089E+04  2.2885E+04  0.0000E+00
