#  Density    Distension  Spec. Vol.   Pressure  Temperature  S.I.Energy Sound Spd.  Part. Vel.  Shock Vel.  Sp. Entropy
  2.6491E+03  1.0000E+00  3.7749E-04 -1.4299E+07  2.9300E+02  3.6977E+05  3.6838E+03  0.0000E+00  3.6838E+03  0.0000E+00
  2.7367E+03  1.0000E+00  3.6540E-04  1.2392E+09  2.9900E+02  3.7717E+05  3.8866E+03  1.2308E+02  3.8446E+03  0.0000E+00
  2.7724E+03  1.0000E+00  3.6069E-04  1.7921E+09  3.0195E+02  3.8471E+05  3.9980E+03  1.7418E+02  3.9149E+03  0.0000E+00
  2.8000E+03  1.0000E+00  3.5714E-04  2.2394E+09  3.0455E+02  3.9241E+05  4.0851E+03  2.1417E+02  3.9723E+03  0.0000E+00
  2.8228E+03  1.0000E+00  3.5426E-04  2.6379E+09  3.0598E+02  4.0026E+05  4.1584E+03  2.4821E+02  4.0335E+03  0.0000E+00
  2.8433E+03  1.0000E+00  3.5170E-04  2.9994E+09  3.0800E+02  4.0826E+05  4.2246E+03  2.7879E+02  4.0807E+03  0.0000E+00
  2.8622E+03  1.0000E+00  3.4938E-04  3.3328E+09  3.1050E+02  4.1643E+05  4.2855E+03  3.0673E+02  4.1193E+03  0.0000E+00
  2.8795E+03  1.0000E+00  3.4728E-04  3.6550E+09  3.1249E+02  4.2475E+05  4.3417E+03  3.3292E+02  4.1605E+03  0.0000E+00
  2.8953E+03  1.0000E+00  3.4538E-04  3.9694E+09  3.1386E+02  4.3325E+05  4.3938E+03  3.5763E+02  4.2049E+03  0.0000E+00
  2.9104E+03  1.0000E+00  3.4360E-04  4.2696E+09  3.1562E+02  4.4191E+05  4.4434E+03  3.8104E+02  4.2439E+03  0.0000E+00
  2.9250E+03  1.0000E+00  3.4188E-04  4.5606E+09  3.1768E+02  4.5075E+05  4.4913E+03  4.0359E+02  4.2790E+03  0.0000E+00
  2.9393E+03  1.0000E+00  3.4022E-04  4.8478E+09  3.1997E+02  4.5977E+05  4.5386E+03  4.2571E+02  4.3114E+03  0.0000E+00
  2.9529E+03  1.0000E+00  3.3865E-04  5.1202E+09  3.2266E+02  4.6896E+05  4.5833E+03  4.4654E+02  4.3405E+03  0.0000E+00
  2.9656E+03  1.0000E+00  3.3720E-04  5.4048E+09  3.2414E+02  4.7834E+05  4.6257E+03  4.6727E+02  4.3779E+03  0.0000E+00
  2.9778E+03  1.0000E+00  3.3582E-04  5.6792E+09  3.2598E+02  4.8791E+05  4.6664E+03  4.8710E+02  4.4123E+03  0.0000E+00
  2.9901E+03  1.0000E+00  3.3444E-04  5.9549E+09  3.2795E+02  4.9767E+05  4.7072E+03  5.0693E+02  4.4450E+03  0.0000E+00
  3.0021E+03  1.0000E+00  3.3310E-04  6.2259E+09  3.3018E+02  5.0762E+05  4.7473E+03  5.2631E+02  4.4757E+03  0.0000E+00
  3.0139E+03  1.0000E+00  3.3180E-04  6.4919E+09  3.3269E+02  5.1777E+05  4.7866E+03  5.4523E+02  4.5045E+03  0.0000E+00
  3.0257E+03  1.0000E+00  3.3050E-04  6.7593E+09  3.3535E+02  5.2813E+05  4.8260E+03  5.6416E+02  4.5323E+03  0.0000E+00
  3.0370E+03  1.0000E+00  3.2928E-04  7.0209E+09  3.3810E+02  5.3869E+05  4.8636E+03  5.8240E+02  4.5599E+03  0.0000E+00
  3.0477E+03  1.0000E+00  3.2812E-04  7.2883E+09  3.4030E+02  5.4946E+05  4.8995E+03  6.0045E+02  4.5910E+03  0.0000E+00
  3.0584E+03  1.0000E+00  3.2696E-04  7.5569E+09  3.4265E+02  5.6045E+05  4.9355E+03  6.1849E+02  4.6210E+03  0.0000E+00
  3.0692E+03  1.0000E+00  3.2581E-04  7.8268E+09  3.4515E+02  5.7166E+05  4.9717E+03  6.3654E+02  4.6500E+03  0.0000E+00
  3.0801E+03  1.0000E+00  3.2467E-04  8.0979E+09  3.4780E+02  5.8310E+05  5.0080E+03  6.5459E+02  4.6782E+03  0.0000E+00
  3.0903E+03  1.0000E+00  3.2359E-04  8.3563E+09  3.5098E+02  5.9476E+05  5.0424E+03  6.7168E+02  4.7043E+03  0.0000E+00
  3.1009E+03  1.0000E+00  3.2249E-04  8.6249E+09  3.5402E+02  6.0665E+05  5.0780E+03  6.8934E+02  4.7309E+03  0.0000E+00
  3.1109E+03  1.0000E+00  3.2145E-04  8.9011E+09  3.5646E+02  6.1879E+05  5.1116E+03  7.0686E+02  4.7612E+03  0.0000E+00
  3.1207E+03  1.0000E+00  3.2044E-04  9.1707E+09  3.5929E+02  6.3116E+05  5.1443E+03  7.2387E+02  4.7899E+03  0.0000E+00
  3.1308E+03  1.0000E+00  3.1941E-04  9.4493E+09  3.6208E+02  6.4379E+05  5.1782E+03  7.4138E+02  4.8186E+03  0.0000E+00
  3.1406E+03  1.0000E+00  3.1841E-04  9.7213E+09  3.6526E+02  6.5666E+05  5.2112E+03  7.5840E+02  4.8459E+03  0.0000E+00
  3.1504E+03  1.0000E+00  3.1742E-04  9.9946E+09  3.6862E+02  6.6979E+05  5.2443E+03  7.7542E+02  4.8725E+03  0.0000E+00
  3.1603E+03  1.0000E+00  3.1642E-04  1.0269E+10  3.7217E+02  6.8319E+05  5.2774E+03  7.9244E+02  4.8986E+03  0.0000E+00
  3.1705E+03  1.0000E+00  3.1540E-04  1.0553E+10  3.7569E+02  6.9685E+05  5.3118E+03  8.0998E+02  4.9248E+03  0.0000E+00
  3.1805E+03  1.0000E+00  3.1442E-04  1.0830E+10  3.7963E+02  7.1079E+05  5.3452E+03  8.2702E+02  4.9498E+03  0.0000E+00
  3.1898E+03  1.0000E+00  3.1350E-04  1.1115E+10  3.8300E+02  7.2501E+05  5.3765E+03  8.4390E+02  4.9782E+03  0.0000E+00
  3.1992E+03  1.0000E+00  3.1258E-04  1.1403E+10  3.8647E+02  7.3951E+05  5.4080E+03  8.6086E+02  5.0064E+03  0.0000E+00
  3.2086E+03  1.0000E+00  3.1166E-04  1.1692E+10  3.9014E+02  7.5430E+05  5.4395E+03  8.7783E+02  5.0340E+03  0.0000E+00
  3.2180E+03  1.0000E+00  3.1075E-04  1.1983E+10  3.9403E+02  7.6938E+05  5.4711E+03  8.9480E+02  5.0612E+03  0.0000E+00
  3.2275E+03  1.0000E+00  3.0984E-04  1.2275E+10  3.9814E+02  7.8477E+05  5.5028E+03  9.1178E+02  5.0878E+03  0.0000E+00
  3.2370E+03  1.0000E+00  3.0893E-04  1.2568E+10  4.0246E+02  8.0047E+05  5.5347E+03  9.2876E+02  5.1139E+03  0.0000E+00
  3.2468E+03  1.0000E+00  3.0800E-04  1.2871E+10  4.0674E+02  8.1648E+05  5.5677E+03  9.4629E+02  5.1403E+03  0.0000E+00
  3.2563E+03  1.0000E+00  3.0709E-04  1.3167E+10  4.1152E+02  8.3280E+05  5.5997E+03  9.6329E+02  5.1656E+03  0.0000E+00
  3.2659E+03  1.0000E+00  3.0619E-04  1.3474E+10  4.1603E+02  8.4946E+05  5.6318E+03  9.8064E+02  5.1923E+03  0.0000E+00
  3.2749E+03  1.0000E+00  3.0536E-04  1.3779E+10  4.2056E+02  8.6645E+05  5.6617E+03  9.9748E+02  5.2201E+03  0.0000E+00
  3.2842E+03  1.0000E+00  3.0449E-04  1.4096E+10  4.2500E+02  8.8378E+05  5.6928E+03  1.0149E+03  5.2483E+03  0.0000E+00
  3.2932E+03  1.0000E+00  3.0366E-04  1.4404E+10  4.3001E+02  9.0145E+05  5.7229E+03  1.0317E+03  5.2752E+03  0.0000E+00
  3.3028E+03  1.0000E+00  3.0277E-04  1.4733E+10  4.3463E+02  9.1948E+05  5.7552E+03  1.0497E+03  5.3033E+03  0.0000E+00
  3.3119E+03  1.0000E+00  3.0194E-04  1.5044E+10  4.4015E+02  9.3787E+05  5.7856E+03  1.0666E+03  5.3294E+03  0.0000E+00
  3.3216E+03  1.0000E+00  3.0106E-04  1.5376E+10  4.4530E+02  9.5663E+05  5.8181E+03  1.0846E+03  5.3566E+03  0.0000E+00
  3.3307E+03  1.0000E+00  3.0023E-04  1.5690E+10  4.5136E+02  9.7576E+05  5.8486E+03  1.1015E+03  5.3820E+03  0.0000E+00
  3.3405E+03  1.0000E+00  2.9936E-04  1.6025E+10  4.5705E+02  9.9528E+05  5.8814E+03  1.1195E+03  5.4085E+03  0.0000E+00
  3.3497E+03  1.0000E+00  2.9854E-04  1.6359E+10  4.6279E+02  1.0152E+06  5.9119E+03  1.1370E+03  5.4361E+03  0.0000E+00
  3.3589E+03  1.0000E+00  2.9772E-04  1.6703E+10  4.6837E+02  1.0355E+06  5.9424E+03  1.1548E+03  5.4648E+03  0.0000E+00
  3.3681E+03  1.0000E+00  2.9691E-04  1.7049E+10  4.7423E+02  1.0562E+06  5.9730E+03  1.1726E+03  5.4931E+03  0.0000E+00
  3.3773E+03  1.0000E+00  2.9609E-04  1.7397E+10  4.8039E+02  1.0773E+06  6.0038E+03  1.1905E+03  5.5210E+03  0.0000E+00
  3.3866E+03  1.0000E+00  2.9528E-04  1.7746E+10  4.8686E+02  1.0989E+06  6.0346E+03  1.2083E+03  5.5486E+03  0.0000E+00
  3.3958E+03  1.0000E+00  2.9448E-04  1.8097E+10  4.9364E+02  1.1208E+06  6.0655E+03  1.2261E+03  5.5758E+03  0.0000E+00
  3.4058E+03  1.0000E+00  2.9361E-04  1.8472E+10  4.9997E+02  1.1433E+06  6.0987E+03  1.2452E+03  5.6042E+03  0.0000E+00
  3.4152E+03  1.0000E+00  2.9281E-04  1.8826E+10  5.0740E+02  1.1661E+06  6.1298E+03  1.2631E+03  5.6307E+03  0.0000E+00
  3.4245E+03  1.0000E+00  2.9201E-04  1.9182E+10  5.1515E+02  1.1895E+06  6.1610E+03  1.2810E+03  5.6570E+03  0.0000E+00
  3.4346E+03  1.0000E+00  2.9116E-04  1.9561E+10  5.2103E+02  1.2132E+06  5.4918E+03  1.3000E+03  5.6843E+03  0.0000E+00
  3.4440E+03  1.0000E+00  2.9036E-04  1.9920E+10  5.2808E+02  1.2375E+06  4.8477E+03  1.3179E+03  5.7099E+03  0.0000E+00
  3.4541E+03  1.0000E+00  2.8951E-04  2.0304E+10  5.3460E+02  1.2623E+06  4.1562E+03  1.3370E+03  5.7366E+03  0.0000E+00
  3.4643E+03  1.0000E+00  2.8866E-04  2.0689E+10  5.4147E+02  1.2875E+06  3.4636E+03  1.3561E+03  5.7630E+03  0.0000E+00
  3.4738E+03  1.0000E+00  2.8787E-04  2.1053E+10  5.4958E+02  1.3132E+06  2.8168E+03  1.3741E+03  5.7878E+03  0.0000E+00
  3.4840E+03  1.0000E+00  2.8703E-04  2.1442E+10  5.5718E+02  1.3395E+06  2.1223E+03  1.3932E+03  5.8137E+03  0.0000E+00
  3.4942E+03  1.0000E+00  2.8619E-04  2.1833E+10  5.6516E+02  1.3663E+06  1.4270E+03  1.4124E+03  5.8394E+03  0.0000E+00
  3.5045E+03  1.0000E+00  2.8535E-04  2.2227E+10  5.7352E+02  1.3936E+06  7.3080E+02  1.4315E+03  5.8648E+03  0.0000E+00
  4.4125E+03  1.0000E+00  2.2663E-04  3.0635E+10  5.9656E+02  2.6789E+06  8.7487E+03  2.1503E+03  5.3806E+03  0.0000E+00
  4.4194E+03  1.0000E+00  2.2628E-04  3.1272E+10  6.3023E+02  2.7325E+06  8.7821E+03  2.1751E+03  5.4298E+03  0.0000E+00
  4.4263E+03  1.0000E+00  2.2592E-04  3.1912E+10  6.6473E+02  2.7871E+06  8.8156E+03  2.1998E+03  5.4787E+03  0.0000E+00
  4.4332E+03  1.0000E+00  2.2557E-04  3.2556E+10  7.0002E+02  2.8428E+06  8.8491E+03  2.2244E+03  5.5272E+03  0.0000E+00
  4.4406E+03  1.0000E+00  2.2520E-04  3.3236E+10  7.3564E+02  2.8997E+06  8.8847E+03  2.2503E+03  5.5778E+03  0.0000E+00
  4.4480E+03  1.0000E+00  2.2482E-04  3.3920E+10  7.7209E+02  2.9577E+06  8.9203E+03  2.2761E+03  5.6279E+03  0.0000E+00
  4.4554E+03  1.0000E+00  2.2445E-04  3.4607E+10  8.0942E+02  3.0169E+06  8.9561E+03  2.3018E+03  5.6777E+03  0.0000E+00
  4.4632E+03  1.0000E+00  2.2405E-04  3.5332E+10  8.4709E+02  3.0772E+06  8.9939E+03  2.3288E+03  5.7294E+03  0.0000E+00
  4.4702E+03  1.0000E+00  2.2370E-04  3.5994E+10  8.8675E+02  3.1387E+06  9.0279E+03  2.3532E+03  5.7762E+03  0.0000E+00
  4.4781E+03  1.0000E+00  2.2331E-04  3.6726E+10  9.2626E+02  3.2015E+06  9.0659E+03  2.3800E+03  5.8272E+03  0.0000E+00
  4.4860E+03  1.0000E+00  2.2292E-04  3.7462E+10  9.6667E+02  3.2655E+06  9.1041E+03  2.4068E+03  5.8779E+03  0.0000E+00
  4.4939E+03  1.0000E+00  2.2253E-04  3.8243E+10  1.0067E+03  3.3308E+06  9.1409E+03  2.4349E+03  5.9313E+03  0.0000E+00
  4.5009E+03  1.0000E+00  2.2218E-04  3.8964E+10  1.0487E+03  3.3975E+06  9.1737E+03  2.4604E+03  5.9802E+03  0.0000E+00
  4.5088E+03  1.0000E+00  2.2179E-04  3.9761E+10  1.0903E+03  3.4654E+06  9.2105E+03  2.4886E+03  6.0335E+03  0.0000E+00
  4.5168E+03  1.0000E+00  2.2140E-04  4.0563E+10  1.1330E+03  3.5347E+06  9.2473E+03  2.5167E+03  6.0863E+03  0.0000E+00
  4.5247E+03  1.0000E+00  2.2101E-04  4.1369E+10  1.1767E+03  3.6054E+06  9.2842E+03  2.5447E+03  6.1389E+03  0.0000E+00
  4.5327E+03  1.0000E+00  2.2062E-04  4.2180E+10  1.2215E+03  3.6775E+06  9.3213E+03  2.5727E+03  6.1910E+03  0.0000E+00
  4.5407E+03  1.0000E+00  2.2023E-04  4.2996E+10  1.2673E+03  3.7511E+06  9.3584E+03  2.6007E+03  6.2429E+03  0.0000E+00
  4.5495E+03  1.0000E+00  2.1980E-04  4.3890E+10  1.3130E+03  3.8261E+06  9.3995E+03  2.6312E+03  6.2988E+03  0.0000E+00
  4.5576E+03  1.0000E+00  2.1942E-04  4.4715E+10  1.3609E+03  3.9026E+06  9.4369E+03  2.6591E+03  6.3500E+03  0.0000E+00
  4.5665E+03  1.0000E+00  2.1899E-04  4.5619E+10  1.4088E+03  3.9807E+06  9.4782E+03  2.6894E+03  6.4051E+03  0.0000E+00
  4.5745E+03  1.0000E+00  2.1860E-04  4.6492E+10  1.4578E+03  4.0603E+06  9.5146E+03  2.7183E+03  6.4582E+03  0.0000E+00
  4.5826E+03  1.0000E+00  2.1822E-04  4.7381E+10  1.5075E+03  4.1415E+06  9.5508E+03  2.7475E+03  6.5118E+03  0.0000E+00
  4.5906E+03  1.0000E+00  2.1783E-04  4.8276E+10  1.5584E+03  4.2243E+06  9.5871E+03  2.7766E+03  6.5651E+03  0.0000E+00
  4.5996E+03  1.0000E+00  2.1741E-04  4.9256E+10  1.6091E+03  4.3088E+06  9.6272E+03  2.8084E+03  6.6226E+03  0.0000E+00
  4.6077E+03  1.0000E+00  2.1703E-04  5.0161E+10  1.6625E+03  4.3950E+06  9.6637E+03  2.8375E+03  6.6752E+03  0.0000E+00
  4.6167E+03  1.0000E+00  2.1660E-04  5.1153E+10  1.7156E+03  4.4829E+06  9.7040E+03  2.8692E+03  6.7319E+03  0.0000E+00
  4.6258E+03  1.0000E+00  2.1618E-04  5.2150E+10  1.7700E+03  4.5725E+06  9.7445E+03  2.9008E+03  6.7883E+03  0.0000E+00
  4.6348E+03  1.0000E+00  2.1576E-04  5.3154E+10  1.8258E+03  4.6640E+06  9.7851E+03  2.9324E+03  6.8444E+03  0.0000E+00
  4.6439E+03  1.0000E+00  2.1534E-04  5.4164E+10  1.8827E+03  4.7573E+06  9.8258E+03  2.9640E+03  6.9001E+03  0.0000E+00
  4.6530E+03  1.0000E+00  2.1492E-04  5.5200E+10  1.9403E+03  4.8524E+06  9.8660E+03  2.9961E+03  6.9568E+03  0.0000E+00
  4.6612E+03  1.0000E+00  2.1454E-04  5.6192E+10  1.9999E+03  4.9495E+06  9.9018E+03  3.0264E+03  7.0108E+03  0.0000E+00
  4.6703E+03  1.0000E+00  2.1412E-04  5.7275E+10  2.0591E+03  5.0485E+06  9.9414E+03  3.0593E+03  7.0690E+03  0.0000E+00
  4.6794E+03  1.0000E+00  2.1370E-04  5.8366E+10  2.1196E+03  5.1494E+06  9.9810E+03  3.0923E+03  7.1268E+03  0.0000E+00
  4.6886E+03  1.0000E+00  2.1328E-04  5.9464E+10  2.1817E+03  5.2524E+06  1.0021E+04  3.1252E+03  7.1844E+03  0.0000E+00
  4.6978E+03  1.0000E+00  2.1287E-04  6.0569E+10  2.2452E+03  5.3575E+06  1.0061E+04  3.1581E+03  7.2416E+03  0.0000E+00
  4.7079E+03  1.0000E+00  2.1241E-04  6.1768E+10  2.3087E+03  5.4646E+06  1.0104E+04  3.1936E+03  7.3028E+03  0.0000E+00
  4.7171E+03  1.0000E+00  2.1199E-04  6.2887E+10  2.3751E+03  5.5739E+06  1.0145E+04  3.2264E+03  7.3594E+03  0.0000E+00
  4.7273E+03  1.0000E+00  2.1154E-04  6.4102E+10  2.4414E+03  5.6854E+06  1.0189E+04  3.2619E+03  7.4199E+03  0.0000E+00
  4.7365E+03  1.0000E+00  2.1113E-04  6.5271E+10  2.5099E+03  5.7991E+06  1.0228E+04  3.2956E+03  7.4779E+03  0.0000E+00
  4.7458E+03  1.0000E+00  2.1071E-04  6.6468E+10  2.5794E+03  5.9151E+06  1.0267E+04  3.3298E+03  7.5369E+03  0.0000E+00
  4.7560E+03  1.0000E+00  2.1026E-04  6.7768E+10  2.6483E+03  6.0334E+06  1.0310E+04  3.3668E+03  7.5999E+03  0.0000E+00
  4.7653E+03  1.0000E+00  2.0985E-04  6.8982E+10  2.7208E+03  6.1540E+06  1.0350E+04  3.4010E+03  7.6582E+03  0.0000E+00
  4.7756E+03  1.0000E+00  2.0940E-04  7.0298E+10  2.7932E+03  6.2771E+06  1.0393E+04  3.4379E+03  7.7206E+03  0.0000E+00
  4.7858E+03  1.0000E+00  2.0895E-04  7.1624E+10  2.8675E+03  6.4027E+06  1.0436E+04  3.4747E+03  7.7826E+03  0.0000E+00
  4.7962E+03  1.0000E+00  2.0850E-04  7.2958E+10  2.9433E+03  6.5307E+06  1.0480E+04  3.5116E+03  7.8443E+03  0.0000E+00
  4.8065E+03  1.0000E+00  2.0805E-04  7.4302E+10  3.0208E+03  6.6613E+06  1.0523E+04  3.5485E+03  7.9058E+03  0.0000E+00
  4.8168E+03  1.0000E+00  2.0761E-04  7.5684E+10  3.0992E+03  6.7945E+06  1.0566E+04  3.5861E+03  7.9684E+03  0.0000E+00
  4.8263E+03  1.0000E+00  2.0720E-04  7.7007E+10  3.1806E+03  6.9304E+06  1.0605E+04  3.6216E+03  8.0282E+03  0.0000E+00
  4.8376E+03  1.0000E+00  2.0671E-04  7.8542E+10  3.2596E+03  7.0690E+06  1.0652E+04  3.6627E+03  8.0962E+03  0.0000E+00
  4.8471E+03  1.0000E+00  2.0631E-04  7.9885E+10  3.3443E+03  7.2104E+06  1.0691E+04  3.6982E+03  8.1555E+03  0.0000E+00
  4.8584E+03  1.0000E+00  2.0583E-04  8.1440E+10  3.4270E+03  7.3546E+06  1.0737E+04  3.7393E+03  8.2229E+03  0.0000E+00
  4.8689E+03  1.0000E+00  2.0539E-04  8.2905E+10  3.5139E+03  7.5017E+06  1.0780E+04  3.7777E+03  8.2858E+03  0.0000E+00
  4.8803E+03  1.0000E+00  2.0490E-04  8.4482E+10  3.6008E+03  7.6518E+06  1.0827E+04  3.8188E+03  8.3526E+03  0.0000E+00
  4.8909E+03  1.0000E+00  2.0446E-04  8.5969E+10  3.6916E+03  7.8048E+06  1.0871E+04  3.8571E+03  8.4150E+03  0.0000E+00
  4.9014E+03  1.0000E+00  2.0402E-04  8.7515E+10  3.7826E+03  7.9609E+06  1.0913E+04  3.8966E+03  8.4796E+03  0.0000E+00
  4.9129E+03  1.0000E+00  2.0355E-04  8.9194E+10  3.8731E+03  8.1201E+06  1.0959E+04  3.9392E+03  8.5488E+03  0.0000E+00
  4.9235E+03  1.0000E+00  2.0311E-04  9.0776E+10  3.9682E+03  8.2825E+06  1.1002E+04  3.9790E+03  8.6134E+03  0.0000E+00
  4.9350E+03  1.0000E+00  2.0263E-04  9.2479E+10  4.0634E+03  8.4482E+06  1.1048E+04  4.0216E+03  8.6820E+03  0.0000E+00
  4.9457E+03  1.0000E+00  2.0220E-04  9.4087E+10  4.1625E+03  8.6171E+06  1.1091E+04  4.0614E+03  8.7462E+03  0.0000E+00
  4.9573E+03  1.0000E+00  2.0172E-04  9.5815E+10  4.2617E+03  8.7895E+06  1.1137E+04  4.1041E+03  8.8143E+03  0.0000E+00
  4.9689E+03  1.0000E+00  2.0125E-04  9.7557E+10  4.3634E+03  8.9653E+06  1.1184E+04  4.1468E+03  8.8821E+03  0.0000E+00
  4.9806E+03  1.0000E+00  2.0078E-04  9.9348E+10  4.4663E+03  9.1446E+06  1.1230E+04  4.1903E+03  8.9513E+03  0.0000E+00
  4.9923E+03  1.0000E+00  2.0031E-04  1.0119E+11  4.5705E+03  9.3275E+06  1.1276E+04  4.2345E+03  9.0216E+03  0.0000E+00
  5.0040E+03  1.0000E+00  1.9984E-04  1.0304E+11  4.6765E+03  9.5140E+06  1.1322E+04  4.2787E+03  9.0917E+03  0.0000E+00
  5.0158E+03  1.0000E+00  1.9937E-04  1.0490E+11  4.7851E+03  9.7043E+06  1.1368E+04  4.3229E+03  9.1616E+03  0.0000E+00
  5.0276E+03  1.0000E+00  1.9890E-04  1.0678E+11  4.8965E+03  9.8984E+06  1.1415E+04  4.3672E+03  9.2312E+03  0.0000E+00
  5.0394E+03  1.0000E+00  1.9844E-04  1.0868E+11  5.0107E+03  1.0096E+07  1.1461E+04  4.4115E+03  9.3006E+03  0.0000E+00
  5.0512E+03  1.0000E+00  1.9797E-04  1.1059E+11  5.1275E+03  1.0298E+07  1.1508E+04  4.4559E+03  9.3698E+03  0.0000E+00
  5.0631E+03  1.0000E+00  1.9751E-04  1.1256E+11  5.2446E+03  1.0504E+07  1.1554E+04  4.5012E+03  9.4406E+03  0.0000E+00
  5.0750E+03  1.0000E+00  1.9705E-04  1.1457E+11  5.3637E+03  1.0714E+07  1.1600E+04  4.5470E+03  9.5123E+03  0.0000E+00
  5.0879E+03  1.0000E+00  1.9654E-04  1.1672E+11  5.4831E+03  1.0929E+07  1.1649E+04  4.5958E+03  9.5879E+03  0.0000E+00
  5.0999E+03  1.0000E+00  1.9608E-04  1.1876E+11  5.6082E+03  1.1147E+07  1.1696E+04  4.6418E+03  9.6591E+03  0.0000E+00
  5.1128E+03  1.0000E+00  1.9559E-04  1.2094E+11  5.7335E+03  1.1370E+07  1.1746E+04  4.6907E+03  9.7342E+03  0.0000E+00
  5.1259E+03  1.0000E+00  1.9509E-04  1.2315E+11  5.8607E+03  1.1598E+07  1.1796E+04  4.7397E+03  9.8091E+03  0.0000E+00
  5.1379E+03  1.0000E+00  1.9463E-04  1.2525E+11  5.9936E+03  1.1829E+07  1.1842E+04  4.7859E+03  9.8801E+03  0.0000E+00
  5.1520E+03  1.0000E+00  1.9410E-04  1.2770E+11  6.1216E+03  1.2066E+07  1.1895E+04  4.8395E+03  9.9616E+03  0.0000E+00
  5.1641E+03  1.0000E+00  1.9365E-04  1.2990E+11  6.2589E+03  1.2307E+07  1.1941E+04  4.8871E+03  1.0035E+04  0.0000E+00
  5.1762E+03  1.0000E+00  1.9319E-04  1.3212E+11  6.3995E+03  1.2554E+07  1.1987E+04  4.9347E+03  1.0108E+04  0.0000E+00
  5.1904E+03  1.0000E+00  1.9266E-04  1.3462E+11  6.5360E+03  1.2805E+07  1.2040E+04  4.9884E+03  1.0188E+04  0.0000E+00
  5.2026E+03  1.0000E+00  1.9221E-04  1.3688E+11  6.6817E+03  1.3061E+07  1.2087E+04  5.0363E+03  1.0261E+04  0.0000E+00
  5.2169E+03  1.0000E+00  1.9169E-04  1.3943E+11  6.8252E+03  1.3322E+07  1.2141E+04  5.0901E+03  1.0341E+04  0.0000E+00
  5.2301E+03  1.0000E+00  1.9120E-04  1.4194E+11  6.9729E+03  1.3588E+07  1.2190E+04  5.1424E+03  1.0420E+04  0.0000E+00
  5.2435E+03  1.0000E+00  1.9071E-04  1.4447E+11  7.1240E+03  1.3860E+07  1.2240E+04  5.1948E+03  1.0499E+04  0.0000E+00
  5.2578E+03  1.0000E+00  1.9019E-04  1.4717E+11  7.2741E+03  1.4137E+07  1.2293E+04  5.2504E+03  1.0582E+04  0.0000E+00
  5.2702E+03  1.0000E+00  1.8975E-04  1.4960E+11  7.4337E+03  1.4420E+07  1.2340E+04  5.3000E+03  1.0656E+04  0.0000E+00
  5.2846E+03  1.0000E+00  1.8923E-04  1.5235E+11  7.5910E+03  1.4708E+07  1.2393E+04  5.3557E+03  1.0739E+04  0.0000E+00
  5.2991E+03  1.0000E+00  1.8871E-04  1.5511E+11  7.7523E+03  1.5003E+07  1.2447E+04  5.4116E+03  1.0821E+04  0.0000E+00
  5.3126E+03  1.0000E+00  1.8823E-04  1.5784E+11  7.9181E+03  1.5303E+07  1.2497E+04  5.4658E+03  1.0902E+04  0.0000E+00
  5.3272E+03  1.0000E+00  1.8772E-04  1.6074E+11  8.0837E+03  1.5609E+07  1.2550E+04  5.5233E+03  1.0987E+04  0.0000E+00
  5.3397E+03  1.0000E+00  1.8728E-04  1.6337E+11  8.2584E+03  1.5921E+07  1.2597E+04  5.5747E+03  1.1063E+04  0.0000E+00
  5.3543E+03  1.0000E+00  1.8676E-04  1.6632E+11  8.4307E+03  1.6239E+07  1.2651E+04  5.6324E+03  1.1148E+04  0.0000E+00
  5.3690E+03  1.0000E+00  1.8625E-04  1.6930E+11  8.6074E+03  1.6564E+07  1.2705E+04  5.6902E+03  1.1232E+04  0.0000E+00
  5.3837E+03  1.0000E+00  1.8574E-04  1.7236E+11  8.7865E+03  1.6895E+07  1.2758E+04  5.7491E+03  1.1318E+04  0.0000E+00
  5.3974E+03  1.0000E+00  1.8527E-04  1.7549E+11  8.9670E+03  1.7233E+07  1.2806E+04  5.8081E+03  1.1406E+04  0.0000E+00
  5.4112E+03  1.0000E+00  1.8480E-04  1.7864E+11  9.1493E+03  1.7578E+07  1.2855E+04  5.8672E+03  1.1494E+04  0.0000E+00
  5.4250E+03  1.0000E+00  1.8433E-04  1.8183E+11  9.3359E+03  1.7930E+07  1.2903E+04  5.9265E+03  1.1582E+04  0.0000E+00
  5.4398E+03  1.0000E+00  1.8383E-04  1.8521E+11  9.5232E+03  1.8288E+07  1.2955E+04  5.9892E+03  1.1674E+04  0.0000E+00
  5.4526E+03  1.0000E+00  1.8340E-04  1.8828E+11  9.7232E+03  1.8654E+07  1.3001E+04  6.0454E+03  1.1758E+04  0.0000E+00
  5.4676E+03  1.0000E+00  1.8290E-04  1.9173E+11  9.9203E+03  1.9027E+07  1.3054E+04  6.1083E+03  1.1849E+04  0.0000E+00
  5.4826E+03  1.0000E+00  1.8240E-04  1.9521E+11  1.0121E+04  1.9407E+07  1.3107E+04  6.1714E+03  1.1941E+04  0.0000E+00
  5.4976E+03  1.0000E+00  1.8190E-04  1.9872E+11  1.0324E+04  1.9796E+07  1.3160E+04  6.2346E+03  1.2033E+04  0.0000E+00
  5.5127E+03  1.0000E+00  1.8140E-04  2.0227E+11  1.0532E+04  2.0192E+07  1.3213E+04  6.2981E+03  1.2124E+04  0.0000E+00
  5.5278E+03  1.0000E+00  1.8090E-04  2.0585E+11  1.0746E+04  2.0595E+07  1.3267E+04  6.3616E+03  1.2216E+04  0.0000E+00
  5.5429E+03  1.0000E+00  1.8041E-04  2.0947E+11  1.0964E+04  2.1007E+07  1.3321E+04  6.4253E+03  1.2307E+04  0.0000E+00
  5.5581E+03  1.0000E+00  1.7992E-04  2.1312E+11  1.1188E+04  2.1427E+07  1.3375E+04  6.4892E+03  1.2398E+04  0.0000E+00
  5.5734E+03  1.0000E+00  1.7942E-04  2.1681E+11  1.1415E+04  2.1856E+07  1.3429E+04  6.5533E+03  1.2490E+04  0.0000E+00
  5.5908E+03  1.0000E+00  1.7886E-04  2.2090E+11  1.1638E+04  2.2293E+07  1.3490E+04  6.6241E+03  1.2589E+04  0.0000E+00
  5.6062E+03  1.0000E+00  1.7837E-04  2.2467E+11  1.1874E+04  2.2739E+07  1.3546E+04  6.6886E+03  1.2680E+04  0.0000E+00
  5.6237E+03  1.0000E+00  1.7782E-04  2.2883E+11  1.2108E+04  2.3194E+07  1.3607E+04  6.7597E+03  1.2780E+04  0.0000E+00
  5.6392E+03  1.0000E+00  1.7733E-04  2.3268E+11  1.2356E+04  2.3658E+07  1.3663E+04  6.8246E+03  1.2871E+04  0.0000E+00
  5.6568E+03  1.0000E+00  1.7678E-04  2.3693E+11  1.2602E+04  2.4131E+07  1.3726E+04  6.8962E+03  1.2970E+04  0.0000E+00
  5.6724E+03  1.0000E+00  1.7629E-04  2.4086E+11  1.2858E+04  2.4613E+07  1.3782E+04  6.9616E+03  1.3062E+04  0.0000E+00
  5.6901E+03  1.0000E+00  1.7574E-04  2.4520E+11  1.3111E+04  2.5106E+07  1.3846E+04  7.0336E+03  1.3161E+04  0.0000E+00
  5.7080E+03  1.0000E+00  1.7519E-04  2.4959E+11  1.3371E+04  2.5608E+07  1.3909E+04  7.1059E+03  1.3260E+04  0.0000E+00
  5.7259E+03  1.0000E+00  1.7465E-04  2.5402E+11  1.3637E+04  2.6120E+07  1.3973E+04  7.1785E+03  1.3359E+04  0.0000E+00
  5.7438E+03  1.0000E+00  1.7410E-04  2.5851E+11  1.3910E+04  2.6642E+07  1.4037E+04  7.2512E+03  1.3458E+04  0.0000E+00
  5.7618E+03  1.0000E+00  1.7356E-04  2.6304E+11  1.4188E+04  2.7175E+07  1.4102E+04  7.3243E+03  1.3558E+04  0.0000E+00
  5.7799E+03  1.0000E+00  1.7301E-04  2.6762E+11  1.4468E+04  2.7719E+07  1.4167E+04  7.3976E+03  1.3657E+04  0.0000E+00
  5.7980E+03  1.0000E+00  1.7247E-04  2.7226E+11  1.4756E+04  2.8273E+07  1.4232E+04  7.4713E+03  1.3757E+04  0.0000E+00
  5.8162E+03  1.0000E+00  1.7193E-04  2.7711E+11  1.5045E+04  2.8838E+07  1.4296E+04  7.5474E+03  1.3860E+04  0.0000E+00
  5.8321E+03  1.0000E+00  1.7146E-04  2.8195E+11  1.5339E+04  2.9415E+07  1.4351E+04  7.6218E+03  1.3965E+04  0.0000E+00
  5.8481E+03  1.0000E+00  1.7100E-04  2.8685E+11  1.5640E+04  3.0004E+07  1.4406E+04  7.6965E+03  1.4070E+04  0.0000E+00
  5.8664E+03  1.0000E+00  1.7046E-04  2.9225E+11  1.5935E+04  3.0604E+07  1.4468E+04  7.7786E+03  1.4183E+04  0.0000E+00
  5.8825E+03  1.0000E+00  1.6999E-04  2.9727E+11  1.6242E+04  3.1216E+07  1.4524E+04  7.8539E+03  1.4288E+04  0.0000E+00
  5.9010E+03  1.0000E+00  1.6946E-04  3.0279E+11  1.6548E+04  3.1840E+07  1.4585E+04  7.9367E+03  1.4402E+04  0.0000E+00
  5.9172E+03  1.0000E+00  1.6900E-04  3.0792E+11  1.6870E+04  3.2477E+07  1.4642E+04  8.0125E+03  1.4507E+04  0.0000E+00
  5.9357E+03  1.0000E+00  1.6847E-04  3.1356E+11  1.7191E+04  3.3126E+07  1.4705E+04  8.0958E+03  1.4621E+04  0.0000E+00
  5.9543E+03  1.0000E+00  1.6795E-04  3.1926E+11  1.7520E+04  3.3789E+07  1.4768E+04  8.1794E+03  1.4735E+04  0.0000E+00
  5.9706E+03  1.0000E+00  1.6749E-04  3.2458E+11  1.7863E+04  3.4465E+07  1.4826E+04  8.2562E+03  1.4841E+04  0.0000E+00
  5.9894E+03  1.0000E+00  1.6696E-04  3.3042E+11  1.8197E+04  3.5154E+07  1.4890E+04  8.3406E+03  1.4955E+04  0.0000E+00
  6.0081E+03  1.0000E+00  1.6644E-04  3.3633E+11  1.8540E+04  3.5857E+07  1.4955E+04  8.4253E+03  1.5070E+04  0.0000E+00
  6.0270E+03  1.0000E+00  1.6592E-04  3.4231E+11  1.8891E+04  3.6574E+07  1.5020E+04  8.5103E+03  1.5184E+04  0.0000E+00
  6.0459E+03  1.0000E+00  1.6540E-04  3.4836E+11  1.9251E+04  3.7306E+07  1.5086E+04  8.5956E+03  1.5299E+04  0.0000E+00
  6.0648E+03  1.0000E+00  1.6489E-04  3.5448E+11  1.9620E+04  3.8052E+07  1.5151E+04  8.6813E+03  1.5414E+04  0.0000E+00
  6.0838E+03  1.0000E+00  1.6437E-04  3.6067E+11  1.9994E+04  3.8813E+07  1.5218E+04  8.7675E+03  1.5530E+04  0.0000E+00
  6.1029E+03  1.0000E+00  1.6386E-04  3.6695E+11  2.0370E+04  3.9589E+07  1.5285E+04  8.8541E+03  1.5645E+04  0.0000E+00
  6.1244E+03  1.0000E+00  1.6328E-04  3.7378E+11  2.0745E+04  4.0381E+07  1.5358E+04  8.9482E+03  1.5769E+04  0.0000E+00
  6.1436E+03  1.0000E+00  1.6277E-04  3.8021E+11  2.1139E+04  4.1188E+07  1.5426E+04  9.0356E+03  1.5885E+04  0.0000E+00
  6.1629E+03  1.0000E+00  1.6226E-04  3.8673E+11  2.1542E+04  4.2012E+07  1.5495E+04  9.1235E+03  1.6002E+04  0.0000E+00
  6.1846E+03  1.0000E+00  1.6169E-04  3.9381E+11  2.1946E+04  4.2852E+07  1.5569E+04  9.2188E+03  1.6126E+04  0.0000E+00
  6.2040E+03  1.0000E+00  1.6119E-04  4.0049E+11  2.2366E+04  4.3710E+07  1.5639E+04  9.3075E+03  1.6243E+04  0.0000E+00
  6.2259E+03  1.0000E+00  1.6062E-04  4.0776E+11  2.2779E+04  4.4584E+07  1.5714E+04  9.4039E+03  1.6369E+04  0.0000E+00
  6.2454E+03  1.0000E+00  1.6012E-04  4.1462E+11  2.3211E+04  4.5475E+07  1.5785E+04  9.4937E+03  1.6487E+04  0.0000E+00
  6.2699E+03  1.0000E+00  1.5949E-04  4.2256E+11  2.3636E+04  4.6385E+07  1.5868E+04  9.5980E+03  1.6620E+04  0.0000E+00
  6.2896E+03  1.0000E+00  1.5899E-04  4.3006E+11  2.4076E+04  4.7313E+07  1.5936E+04  9.6937E+03  1.6748E+04  0.0000E+00
  6.3068E+03  1.0000E+00  1.5856E-04  4.3725E+11  2.4533E+04  4.8259E+07  1.5998E+04  9.7842E+03  1.6870E+04  0.0000E+00
  6.3266E+03  1.0000E+00  1.5806E-04  4.4512E+11  2.4987E+04  4.9224E+07  1.6066E+04  9.8830E+03  1.7002E+04  0.0000E+00
  6.3464E+03  1.0000E+00  1.5757E-04  4.5309E+11  2.5440E+04  5.0208E+07  1.6133E+04  9.9824E+03  1.7135E+04  0.0000E+00
  6.3663E+03  1.0000E+00  1.5708E-04  4.6117E+11  2.5905E+04  5.1213E+07  1.6202E+04  1.0082E+04  1.7267E+04  0.0000E+00
  6.3863E+03  1.0000E+00  1.5659E-04  4.6935E+11  2.6380E+04  5.2237E+07  1.6271E+04  1.0182E+04  1.7400E+04  0.0000E+00
  6.4063E+03  1.0000E+00  1.5610E-04  4.7763E+11  2.6867E+04  5.3282E+07  1.6341E+04  1.0283E+04  1.7534E+04  0.0000E+00
  6.4289E+03  1.0000E+00  1.5555E-04  4.8661E+11  2.7355E+04  5.4347E+07  1.6416E+04  1.0392E+04  1.7676E+04  0.0000E+00
  6.4490E+03  1.0000E+00  1.5506E-04  4.9511E+11  2.7866E+04  5.5434E+07  1.6487E+04  1.0494E+04  1.7810E+04  0.0000E+00
  6.4693E+03  1.0000E+00  1.5458E-04  5.0375E+11  2.8369E+04  5.6543E+07  1.6559E+04  1.0597E+04  1.7945E+04  0.0000E+00
  6.4921E+03  1.0000E+00  1.5403E-04  5.1311E+11  2.8871E+04  5.7674E+07  1.6636E+04  1.0708E+04  1.8089E+04  0.0000E+00
  6.5124E+03  1.0000E+00  1.5355E-04  5.2198E+11  2.9396E+04  5.8827E+07  1.6709E+04  1.0812E+04  1.8225E+04  0.0000E+00
  6.5328E+03  1.0000E+00  1.5307E-04  5.3097E+11  2.9934E+04  6.0004E+07  1.6782E+04  1.0916E+04  1.8362E+04  0.0000E+00
  6.5559E+03  1.0000E+00  1.5253E-04  5.4070E+11  3.0475E+04  6.1204E+07  1.6861E+04  1.1029E+04  1.8507E+04  0.0000E+00
  6.5790E+03  1.0000E+00  1.5200E-04  5.5056E+11  3.1029E+04  6.2428E+07  1.6941E+04  1.1142E+04  1.8653E+04  0.0000E+00
  6.5996E+03  1.0000E+00  1.5152E-04  5.5995E+11  3.1593E+04  6.3676E+07  1.7016E+04  1.1249E+04  1.8792E+04  0.0000E+00
  6.6229E+03  1.0000E+00  1.5099E-04  5.7010E+11  3.2150E+04  6.4950E+07  1.7097E+04  1.1364E+04  1.8939E+04  0.0000E+00
  6.6463E+03  1.0000E+00  1.5046E-04  5.8040E+11  3.2721E+04  6.6249E+07  1.7179E+04  1.1479E+04  1.9087E+04  0.0000E+00
  6.6697E+03  1.0000E+00  1.4993E-04  5.9084E+11  3.3306E+04  6.7574E+07  1.7261E+04  1.1595E+04  1.9235E+04  0.0000E+00
  6.6907E+03  1.0000E+00  1.4946E-04  6.0080E+11  3.3915E+04  6.8925E+07  1.7339E+04  1.1705E+04  1.9377E+04  0.0000E+00
  6.7169E+03  1.0000E+00  1.4888E-04  6.1217E+11  3.4519E+04  7.0304E+07  1.7428E+04  1.1830E+04  1.9534E+04  0.0000E+00
  6.7379E+03  1.0000E+00  1.4841E-04  6.2243E+11  3.5151E+04  7.1710E+07  1.7508E+04  1.1941E+04  1.9677E+04  0.0000E+00
  6.7644E+03  1.0000E+00  1.4783E-04  6.3417E+11  3.5761E+04  7.3144E+07  1.7598E+04  1.2068E+04  1.9837E+04  0.0000E+00
  6.7856E+03  1.0000E+00  1.4737E-04  6.4504E+11  3.6397E+04  7.4607E+07  1.7677E+04  1.2183E+04  1.9986E+04  0.0000E+00
  6.8068E+03  1.0000E+00  1.4691E-04  6.5651E+11  3.7037E+04  7.6099E+07  1.7754E+04  1.2304E+04  2.0143E+04  0.0000E+00
  6.8282E+03  1.0000E+00  1.4645E-04  6.6815E+11  3.7693E+04  7.7621E+07  1.7832E+04  1.2425E+04  2.0300E+04  0.0000E+00
  6.8523E+03  1.0000E+00  1.4594E-04  6.8070E+11  3.8352E+04  7.9174E+07  1.7915E+04  1.2555E+04  2.0467E+04  0.0000E+00
  6.8738E+03  1.0000E+00  1.4548E-04  6.9268E+11  3.9039E+04  8.0757E+07  1.7994E+04  1.2677E+04  2.0626E+04  0.0000E+00
  6.8953E+03  1.0000E+00  1.4503E-04  7.0484E+11  3.9725E+04  8.2372E+07  1.8075E+04  1.2800E+04  2.0786E+04  0.0000E+00
  6.9196E+03  1.0000E+00  1.4452E-04  7.1793E+11  4.0409E+04  8.4020E+07  1.8161E+04  1.2933E+04  2.0956E+04  0.0000E+00
  6.9413E+03  1.0000E+00  1.4406E-04  7.3046E+11  4.1120E+04  8.5700E+07  1.8243E+04  1.3058E+04  2.1117E+04  0.0000E+00
  6.9685E+03  1.0000E+00  1.4350E-04  7.4471E+11  4.1825E+04  8.7414E+07  1.8335E+04  1.3201E+04  2.1296E+04  0.0000E+00
  6.9904E+03  1.0000E+00  1.4305E-04  7.5763E+11  4.2569E+04  8.9162E+07  1.8419E+04  1.3327E+04  2.1460E+04  0.0000E+00
  7.0123E+03  1.0000E+00  1.4261E-04  7.7074E+11  4.3330E+04  9.0946E+07  1.8503E+04  1.3455E+04  2.1624E+04  0.0000E+00
  7.0398E+03  1.0000E+00  1.4205E-04  7.8563E+11  4.4080E+04  9.2765E+07  1.8598E+04  1.3600E+04  2.1806E+04  0.0000E+00
  7.0619E+03  1.0000E+00  1.4161E-04  7.9917E+11  4.4844E+04  9.4620E+07  1.8683E+04  1.3730E+04  2.1972E+04  0.0000E+00
  7.0840E+03  1.0000E+00  1.4116E-04  8.1292E+11  4.5625E+04  9.6512E+07  1.8769E+04  1.3861E+04  2.2140E+04  0.0000E+00
  7.1118E+03  1.0000E+00  1.4061E-04  8.2849E+11  4.6405E+04  9.8443E+07  1.8866E+04  1.4009E+04  2.2325E+04  0.0000E+00
